depth,latitude,longitude,time,so
1.0182366,40.229168,22.5,2026-01-10,
1.0182366,40.229168,22.5,2026-01-11,
1.0182366,40.229168,22.5,2026-01-12,
1.0182366,40.229168,22.5,2026-01-13,
1.0182366,40.229168,22.5,2026-01-14,
1.0182366,40.229168,22.5,2026-01-15,
1.0182366,40.229168,22.5,2026-01-16,
1.0182366,40.229168,22.5,2026-01-17,
1.0182366,40.229168,22.5,2026-01-18,
1.0182366,40.229168,22.5,2026-01-19,
1.0182366,40.229168,22.5,2026-01-20,
1.0182366,40.229168,22.5,2026-01-21,
1.0182366,40.229168,22.5,2026-01-22,
1.0182366,40.229168,22.5,2026-01-23,
1.0182366,40.229168,22.5,2026-01-24,
1.0182366,40.229168,22.5,2026-01-25,
1.0182366,40.229168,22.5,2026-01-26,
1.0182366,40.229168,22.5,2026-01-27,
1.0182366,40.229168,22.5,2026-01-28,
1.0182366,40.229168,22.5,2026-01-29,
1.0182366,40.229168,22.5,2026-01-30,
1.0182366,40.229168,22.5,2026-01-31,
1.0182366,40.229168,22.5,2026-02-01,
1.0182366,40.229168,22.5,2026-02-02,
1.0182366,40.229168,22.5,2026-02-03,
1.0182366,40.229168,22.5,2026-02-04,
1.0182366,40.229168,22.5,2026-02-05,
1.0182366,40.229168,22.5,2026-02-06,
1.0182366,40.229168,22.5,2026-02-07,
1.0182366,40.229168,22.5,2026-02-08,
1.0182366,40.229168,22.5,2026-02-09,
1.0182366,40.229168,22.541666,2026-01-10,
1.0182366,40.229168,22.541666,2026-01-11,
1.0182366,40.229168,22.541666,2026-01-12,
1.0182366,40.229168,22.541666,2026-01-13,
1.0182366,40.229168,22.541666,2026-01-14,
1.0182366,40.229168,22.541666,2026-01-15,
1.0182366,40.229168,22.541666,2026-01-16,
1.0182366,40.229168,22.541666,2026-01-17,
1.0182366,40.229168,22.541666,2026-01-18,
1.0182366,40.229168,22.541666,2026-01-19,
1.0182366,40.229168,22.541666,2026-01-20,
1.0182366,40.229168,22.541666,2026-01-21,
1.0182366,40.229168,22.541666,2026-01-22,
1.0182366,40.229168,22.541666,2026-01-23,
1.0182366,40.229168,22.541666,2026-01-24,
1.0182366,40.229168,22.541666,2026-01-25,
1.0182366,40.229168,22.541666,2026-01-26,
1.0182366,40.229168,22.541666,2026-01-27,
1.0182366,40.229168,22.541666,2026-01-28,
1.0182366,40.229168,22.541666,2026-01-29,
1.0182366,40.229168,22.541666,2026-01-30,
1.0182366,40.229168,22.541666,2026-01-31,
1.0182366,40.229168,22.541666,2026-02-01,
1.0182366,40.229168,22.541666,2026-02-02,
1.0182366,40.229168,22.541666,2026-02-03,
1.0182366,40.229168,22.541666,2026-02-04,
1.0182366,40.229168,22.541666,2026-02-05,
1.0182366,40.229168,22.541666,2026-02-06,
1.0182366,40.229168,22.541666,2026-02-07,
1.0182366,40.229168,22.541666,2026-02-08,
1.0182366,40.229168,22.541666,2026-02-09,
1.0182366,40.229168,22.583334,2026-01-10,
1.0182366,40.229168,22.583334,2026-01-11,
1.0182366,40.229168,22.583334,2026-01-12,
1.0182366,40.229168,22.583334,2026-01-13,
1.0182366,40.229168,22.583334,2026-01-14,
1.0182366,40.229168,22.583334,2026-01-15,
1.0182366,40.229168,22.583334,2026-01-16,
1.0182366,40.229168,22.583334,2026-01-17,
1.0182366,40.229168,22.583334,2026-01-18,
1.0182366,40.229168,22.583334,2026-01-19,
1.0182366,40.229168,22.583334,2026-01-20,
1.0182366,40.229168,22.583334,2026-01-21,
1.0182366,40.229168,22.583334,2026-01-22,
1.0182366,40.229168,22.583334,2026-01-23,
1.0182366,40.229168,22.583334,2026-01-24,
1.0182366,40.229168,22.583334,2026-01-25,
1.0182366,40.229168,22.583334,2026-01-26,
1.0182366,40.229168,22.583334,2026-01-27,
1.0182366,40.229168,22.583334,2026-01-28,
1.0182366,40.229168,22.583334,2026-01-29,
1.0182366,40.229168,22.583334,2026-01-30,
1.0182366,40.229168,22.583334,2026-01-31,
1.0182366,40.229168,22.583334,2026-02-01,
1.0182366,40.229168,22.583334,2026-02-02,
1.0182366,40.229168,22.583334,2026-02-03,
1.0182366,40.229168,22.583334,2026-02-04,
1.0182366,40.229168,22.583334,2026-02-05,
1.0182366,40.229168,22.583334,2026-02-06,
1.0182366,40.229168,22.583334,2026-02-07,
1.0182366,40.229168,22.583334,2026-02-08,
1.0182366,40.229168,22.583334,2026-02-09,
1.0182366,40.229168,22.625,2026-01-10,36.89656
1.0182366,40.229168,22.625,2026-01-11,36.580006
1.0182366,40.229168,22.625,2026-01-12,36.26737
1.0182366,40.229168,22.625,2026-01-13,36.466152
1.0182366,40.229168,22.625,2026-01-14,36.55136
1.0182366,40.229168,22.625,2026-01-15,36.65381
1.0182366,40.229168,22.625,2026-01-16,36.75463
1.0182366,40.229168,22.625,2026-01-17,37.091923
1.0182366,40.229168,22.625,2026-01-18,37.275867
1.0182366,40.229168,22.625,2026-01-19,37.318222
1.0182366,40.229168,22.625,2026-01-20,37.346813
1.0182366,40.229168,22.625,2026-01-21,36.987686
1.0182366,40.229168,22.625,2026-01-22,36.145557
1.0182366,40.229168,22.625,2026-01-23,36.2061
1.0182366,40.229168,22.625,2026-01-24,36.34474
1.0182366,40.229168,22.625,2026-01-25,36.51607
1.0182366,40.229168,22.625,2026-01-26,36.613716
1.0182366,40.229168,22.625,2026-01-27,36.567497
1.0182366,40.229168,22.625,2026-01-28,36.88532
1.0182366,40.229168,22.625,2026-01-29,36.576656
1.0182366,40.229168,22.625,2026-01-30,35.87105
1.0182366,40.229168,22.625,2026-01-31,35.569744
1.0182366,40.229168,22.625,2026-02-01,36.17732
1.0182366,40.229168,22.625,2026-02-02,35.00684
1.0182366,40.229168,22.625,2026-02-03,35.014217
1.0182366,40.229168,22.625,2026-02-04,35.210186
1.0182366,40.229168,22.625,2026-02-05,35.222923
1.0182366,40.229168,22.625,2026-02-06,35.142517
1.0182366,40.229168,22.625,2026-02-07,35.288815
1.0182366,40.229168,22.625,2026-02-08,35.053555
1.0182366,40.229168,22.625,2026-02-09,34.936802
1.0182366,40.229168,22.666666,2026-01-10,37.568916
1.0182366,40.229168,22.666666,2026-01-11,37.326904
1.0182366,40.229168,22.666666,2026-01-12,37.087605
1.0182366,40.229168,22.666666,2026-01-13,37.079983
1.0182366,40.229168,22.666666,2026-01-14,37.205017
1.0182366,40.229168,22.666666,2026-01-15,37.210316
1.0182366,40.229168,22.666666,2026-01-16,37.271935
1.0182366,40.229168,22.666666,2026-01-17,37.60015
1.0182366,40.229168,22.666666,2026-01-18,37.674767
1.0182366,40.229168,22.666666,2026-01-19,37.803944
1.0182366,40.229168,22.666666,2026-01-20,37.727062
1.0182366,40.229168,22.666666,2026-01-21,37.476192
1.0182366,40.229168,22.666666,2026-01-22,37.024776
1.0182366,40.229168,22.666666,2026-01-23,36.947876
1.0182366,40.229168,22.666666,2026-01-24,37.142334
1.0182366,40.229168,22.666666,2026-01-25,37.245983
1.0182366,40.229168,22.666666,2026-01-26,37.267956
1.0182366,40.229168,22.666666,2026-01-27,37.214935
1.0182366,40.229168,22.666666,2026-01-28,37.520565
1.0182366,40.229168,22.666666,2026-01-29,37.39861
1.0182366,40.229168,22.666666,2026-01-30,36.91365
1.0182366,40.229168,22.666666,2026-01-31,36.766033
1.0182366,40.229168,22.666666,2026-02-01,37.275604
1.0182366,40.229168,22.666666,2026-02-02,36.59988
1.0182366,40.229168,22.666666,2026-02-03,36.276264
1.0182366,40.229168,22.666666,2026-02-04,36.31014
1.0182366,40.229168,22.666666,2026-02-05,35.859505
1.0182366,40.229168,22.666666,2026-02-06,35.798965
1.0182366,40.229168,22.666666,2026-02-07,36.159424
1.0182366,40.229168,22.666666,2026-02-08,35.80487
1.0182366,40.229168,22.666666,2026-02-09,35.53619
1.0182366,40.229168,22.708334,2026-01-10,38.1501
1.0182366,40.229168,22.708334,2026-01-11,38.184242
1.0182366,40.229168,22.708334,2026-01-12,38.109383
1.0182366,40.229168,22.708334,2026-01-13,37.93574
1.0182366,40.229168,22.708334,2026-01-14,38.04907
1.0182366,40.229168,22.708334,2026-01-15,38.084377
1.0182366,40.229168,22.708334,2026-01-16,38.124313
1.0182366,40.229168,22.708334,2026-01-17,38.198338
1.0182366,40.229168,22.708334,2026-01-18,38.184505
1.0182366,40.229168,22.708334,2026-01-19,38.24764
1.0182366,40.229168,22.708334,2026-01-20,38.236572
1.0182366,40.229168,22.708334,2026-01-21,38.13236
1.0182366,40.229168,22.708334,2026-01-22,37.98928
1.0182366,40.229168,22.708334,2026-01-23,37.784016
1.0182366,40.229168,22.708334,2026-01-24,37.864006
1.0182366,40.229168,22.708334,2026-01-25,37.901924
1.0182366,40.229168,22.708334,2026-01-26,37.91884
1.0182366,40.229168,22.708334,2026-01-27,37.74802
1.0182366,40.229168,22.708334,2026-01-28,38.08013
1.0182366,40.229168,22.708334,2026-01-29,38.095413
1.0182366,40.229168,22.708334,2026-01-30,37.958946
1.0182366,40.229168,22.708334,2026-01-31,37.771893
1.0182366,40.229168,22.708334,2026-02-01,38.03578
1.0182366,40.229168,22.708334,2026-02-02,38.026604
1.0182366,40.229168,22.708334,2026-02-03,37.78528
1.0182366,40.229168,22.708334,2026-02-04,37.515495
1.0182366,40.229168,22.708334,2026-02-05,37.06031
1.0182366,40.229168,22.708334,2026-02-06,36.951805
1.0182366,40.229168,22.708334,2026-02-07,37.300667
1.0182366,40.229168,22.708334,2026-02-08,36.96892
1.0182366,40.229168,22.708334,2026-02-09,36.55315
1.0182366,40.229168,22.75,2026-01-10,38.305172
1.0182366,40.229168,22.75,2026-01-11,38.301517
1.0182366,40.229168,22.75,2026-01-12,38.29794
1.0182366,40.229168,22.75,2026-01-13,38.262924
1.0182366,40.229168,22.75,2026-01-14,38.262897
1.0182366,40.229168,22.75,2026-01-15,38.273254
1.0182366,40.229168,22.75,2026-01-16,38.286755
1.0182366,40.229168,22.75,2026-01-17,38.30227
1.0182366,40.229168,22.75,2026-01-18,38.309586
1.0182366,40.229168,22.75,2026-01-19,38.310577
1.0182366,40.229168,22.75,2026-01-20,38.309563
1.0182366,40.229168,22.75,2026-01-21,38.288055
1.0182366,40.229168,22.75,2026-01-22,38.261787
1.0182366,40.229168,22.75,2026-01-23,38.186623
1.0182366,40.229168,22.75,2026-01-24,38.149597
1.0182366,40.229168,22.75,2026-01-25,38.144257
1.0182366,40.229168,22.75,2026-01-26,38.126663
1.0182366,40.229168,22.75,2026-01-27,38.006058
1.0182366,40.229168,22.75,2026-01-28,38.19789
1.0182366,40.229168,22.75,2026-01-29,38.21114
1.0182366,40.229168,22.75,2026-01-30,38.213783
1.0182366,40.229168,22.75,2026-01-31,38.21516
1.0182366,40.229168,22.75,2026-02-01,38.145866
1.0182366,40.229168,22.75,2026-02-02,38.165253
1.0182366,40.229168,22.75,2026-02-03,38.15285
1.0182366,40.229168,22.75,2026-02-04,38.142715
1.0182366,40.229168,22.75,2026-02-05,38.074116
1.0182366,40.229168,22.75,2026-02-06,38.024876
1.0182366,40.229168,22.75,2026-02-07,38.094185
1.0182366,40.229168,22.75,2026-02-08,38.016457
1.0182366,40.229168,22.75,2026-02-09,37.74512
1.0182366,40.229168,22.791666,2026-01-10,38.344494
1.0182366,40.229168,22.791666,2026-01-11,38.344517
1.0182366,40.229168,22.791666,2026-01-12,38.336514
1.0182366,40.229168,22.791666,2026-01-13,38.315502
1.0182366,40.229168,22.791666,2026-01-14,38.298264
1.0182366,40.229168,22.791666,2026-01-15,38.29729
1.0182366,40.229168,22.791666,2026-01-16,38.297245
1.0182366,40.229168,22.791666,2026-01-17,38.301296
1.0182366,40.229168,22.791666,2026-01-18,38.31081
1.0182366,40.229168,22.791666,2026-01-19,38.312977
1.0182366,40.229168,22.791666,2026-01-20,38.316525
1.0182366,40.229168,22.791666,2026-01-21,38.315807
1.0182366,40.229168,22.791666,2026-01-22,38.301453
1.0182366,40.229168,22.791666,2026-01-23,38.27746
1.0182366,40.229168,22.791666,2026-01-24,38.244217
1.0182366,40.229168,22.791666,2026-01-25,38.22222
1.0182366,40.229168,22.791666,2026-01-26,38.17068
1.0182366,40.229168,22.791666,2026-01-27,38.096863
1.0182366,40.229168,22.791666,2026-01-28,38.203957
1.0182366,40.229168,22.791666,2026-01-29,38.206757
1.0182366,40.229168,22.791666,2026-01-30,38.19664
1.0182366,40.229168,22.791666,2026-01-31,38.195015
1.0182366,40.229168,22.791666,2026-02-01,38.11873
1.0182366,40.229168,22.791666,2026-02-02,38.137585
1.0182366,40.229168,22.791666,2026-02-03,38.13047
1.0182366,40.229168,22.791666,2026-02-04,38.122738
1.0182366,40.229168,22.791666,2026-02-05,38.122475
1.0182366,40.229168,22.791666,2026-02-06,38.12234
1.0182366,40.229168,22.791666,2026-02-07,38.15795
1.0182366,40.229168,22.791666,2026-02-08,38.159077
1.0182366,40.229168,22.791666,2026-02-09,38.14903
1.0182366,40.229168,22.833334,2026-01-10,38.33694
1.0182366,40.229168,22.833334,2026-01-11,38.344135
1.0182366,40.229168,22.833334,2026-01-12,38.35081
1.0182366,40.229168,22.833334,2026-01-13,38.334343
1.0182366,40.229168,22.833334,2026-01-14,38.30591
1.0182366,40.229168,22.833334,2026-01-15,38.285114
1.0182366,40.229168,22.833334,2026-01-16,38.27366
1.0182366,40.229168,22.833334,2026-01-17,38.27034
1.0182366,40.229168,22.833334,2026-01-18,38.279133
1.0182366,40.229168,22.833334,2026-01-19,38.273613
1.0182366,40.229168,22.833334,2026-01-20,38.28339
1.0182366,40.229168,22.833334,2026-01-21,38.302845
1.0182366,40.229168,22.833334,2026-01-22,38.300056
1.0182366,40.229168,22.833334,2026-01-23,38.28957
1.0182366,40.229168,22.833334,2026-01-24,38.26601
1.0182366,40.229168,22.833334,2026-01-25,38.238846
1.0182366,40.229168,22.833334,2026-01-26,38.18631
1.0182366,40.229168,22.833334,2026-01-27,38.113853
1.0182366,40.229168,22.833334,2026-01-28,38.1975
1.0182366,40.229168,22.833334,2026-01-29,38.19748
1.0182366,40.229168,22.833334,2026-01-30,38.185562
1.0182366,40.229168,22.833334,2026-01-31,38.17609
1.0182366,40.229168,22.833334,2026-02-01,38.0979
1.0182366,40.229168,22.833334,2026-02-02,38.1175
1.0182366,40.229168,22.833334,2026-02-03,38.120712
1.0182366,40.229168,22.833334,2026-02-04,38.110916
1.0182366,40.229168,22.833334,2026-02-05,38.125694
1.0182366,40.229168,22.833334,2026-02-06,38.1645
1.0182366,40.229168,22.833334,2026-02-07,38.230312
1.0182366,40.229168,22.833334,2026-02-08,38.21286
1.0182366,40.229168,22.833334,2026-02-09,38.19184
1.0182366,40.229168,22.875,2026-01-10,38.312874
1.0182366,40.229168,22.875,2026-01-11,38.324615
1.0182366,40.229168,22.875,2026-01-12,38.347374
1.0182366,40.229168,22.875,2026-01-13,38.32543
1.0182366,40.229168,22.875,2026-01-14,38.27354
1.0182366,40.229168,22.875,2026-01-15,38.235214
1.0182366,40.229168,22.875,2026-01-16,38.204582
1.0182366,40.229168,22.875,2026-01-17,38.190018
1.0182366,40.229168,22.875,2026-01-18,38.198498
1.0182366,40.229168,22.875,2026-01-19,38.18761
1.0182366,40.229168,22.875,2026-01-20,38.198685
1.0182366,40.229168,22.875,2026-01-21,38.24303
1.0182366,40.229168,22.875,2026-01-22,38.266315
1.0182366,40.229168,22.875,2026-01-23,38.263367
1.0182366,40.229168,22.875,2026-01-24,38.234543
1.0182366,40.229168,22.875,2026-01-25,38.19614
1.0182366,40.229168,22.875,2026-01-26,38.13721
1.0182366,40.229168,22.875,2026-01-27,38.05323
1.0182366,40.229168,22.875,2026-01-28,38.169792
1.0182366,40.229168,22.875,2026-01-29,38.171654
1.0182366,40.229168,22.875,2026-01-30,38.16542
1.0182366,40.229168,22.875,2026-01-31,38.158722
1.0182366,40.229168,22.875,2026-02-01,38.076984
1.0182366,40.229168,22.875,2026-02-02,38.11416
1.0182366,40.229168,22.875,2026-02-03,38.127064
1.0182366,40.229168,22.875,2026-02-04,38.127857
1.0182366,40.229168,22.875,2026-02-05,38.15836
1.0182366,40.229168,22.875,2026-02-06,38.2597
1.0182366,40.229168,22.875,2026-02-07,38.29471
1.0182366,40.229168,22.875,2026-02-08,38.242794
1.0182366,40.229168,22.875,2026-02-09,38.217903
1.0182366,40.229168,22.916666,2026-01-10,38.290226
1.0182366,40.229168,22.916666,2026-01-11,38.30054
1.0182366,40.229168,22.916666,2026-01-12,38.32347
1.0182366,40.229168,22.916666,2026-01-13,38.293537
1.0182366,40.229168,22.916666,2026-01-14,38.20186
1.0182366,40.229168,22.916666,2026-01-15,38.149643
1.0182366,40.229168,22.916666,2026-01-16,38.122265
1.0182366,40.229168,22.916666,2026-01-17,38.104424
1.0182366,40.229168,22.916666,2026-01-18,38.09743
1.0182366,40.229168,22.916666,2026-01-19,38.090378
1.0182366,40.229168,22.916666,2026-01-20,38.101364
1.0182366,40.229168,22.916666,2026-01-21,38.148666
1.0182366,40.229168,22.916666,2026-01-22,38.171005
1.0182366,40.229168,22.916666,2026-01-23,38.161182
1.0182366,40.229168,22.916666,2026-01-24,38.136497
1.0182366,40.229168,22.916666,2026-01-25,38.118534
1.0182366,40.229168,22.916666,2026-01-26,38.07762
1.0182366,40.229168,22.916666,2026-01-27,38.009922
1.0182366,40.229168,22.916666,2026-01-28,38.103218
1.0182366,40.229168,22.916666,2026-01-29,38.116413
1.0182366,40.229168,22.916666,2026-01-30,38.12049
1.0182366,40.229168,22.916666,2026-01-31,38.12229
1.0182366,40.229168,22.916666,2026-02-01,38.055202
1.0182366,40.229168,22.916666,2026-02-02,38.11725
1.0182366,40.229168,22.916666,2026-02-03,38.145157
1.0182366,40.229168,22.916666,2026-02-04,38.15613
1.0182366,40.229168,22.916666,2026-02-05,38.23026
1.0182366,40.229168,22.916666,2026-02-06,38.33497
1.0182366,40.229168,22.916666,2026-02-07,38.32802
1.0182366,40.229168,22.916666,2026-02-08,38.249302
1.0182366,40.229168,22.916666,2026-02-09,38.214596
1.0182366,40.229168,22.958334,2026-01-10,38.271942
1.0182366,40.229168,22.958334,2026-01-11,38.280746
1.0182366,40.229168,22.958334,2026-01-12,38.29551
1.0182366,40.229168,22.958334,2026-01-13,38.26105
1.0182366,40.229168,22.958334,2026-01-14,38.19539
1.0182366,40.229168,22.958334,2026-01-15,38.158722
1.0182366,40.229168,22.958334,2026-01-16,38.14262
1.0182366,40.229168,22.958334,2026-01-17,38.12112
1.0182366,40.229168,22.958334,2026-01-18,38.07705
1.0182366,40.229168,22.958334,2026-01-19,38.058537
1.0182366,40.229168,22.958334,2026-01-20,38.05397
1.0182366,40.229168,22.958334,2026-01-21,38.06238
1.0182366,40.229168,22.958334,2026-01-22,38.071934
1.0182366,40.229168,22.958334,2026-01-23,38.062435
1.0182366,40.229168,22.958334,2026-01-24,38.059135
1.0182366,40.229168,22.958334,2026-01-25,38.059227
1.0182366,40.229168,22.958334,2026-01-26,38.019684
1.0182366,40.229168,22.958334,2026-01-27,37.979183
1.0182366,40.229168,22.958334,2026-01-28,38.057087
1.0182366,40.229168,22.958334,2026-01-29,38.073223
1.0182366,40.229168,22.958334,2026-01-30,38.08355
1.0182366,40.229168,22.958334,2026-01-31,38.09295
1.0182366,40.229168,22.958334,2026-02-01,38.04577
1.0182366,40.229168,22.958334,2026-02-02,38.139233
1.0182366,40.229168,22.958334,2026-02-03,38.188286
1.0182366,40.229168,22.958334,2026-02-04,38.218353
1.0182366,40.229168,22.958334,2026-02-05,38.313446
1.0182366,40.229168,22.958334,2026-02-06,38.381508
1.0182366,40.229168,22.958334,2026-02-07,38.361954
1.0182366,40.229168,22.958334,2026-02-08,38.293015
1.0182366,40.229168,22.958334,2026-02-09,38.266006
1.0182366,40.229168,23.0,2026-01-10,38.24453
1.0182366,40.229168,23.0,2026-01-11,38.266357
1.0182366,40.229168,23.0,2026-01-12,38.286068
1.0182366,40.229168,23.0,2026-01-13,38.275173
1.0182366,40.229168,23.0,2026-01-14,38.236897
1.0182366,40.229168,23.0,2026-01-15,38.212532
1.0182366,40.229168,23.0,2026-01-16,38.20699
1.0182366,40.229168,23.0,2026-01-17,38.190586
1.0182366,40.229168,23.0,2026-01-18,38.13375
1.0182366,40.229168,23.0,2026-01-19,38.110912
1.0182366,40.229168,23.0,2026-01-20,38.088974
1.0182366,40.229168,23.0,2026-01-21,38.058315
1.0182366,40.229168,23.0,2026-01-22,38.02376
1.0182366,40.229168,23.0,2026-01-23,38.024086
1.0182366,40.229168,23.0,2026-01-24,38.03439
1.0182366,40.229168,23.0,2026-01-25,38.03974
1.0182366,40.229168,23.0,2026-01-26,38.039227
1.0182366,40.229168,23.0,2026-01-27,38.001034
1.0182366,40.229168,23.0,2026-01-28,38.061005
1.0182366,40.229168,23.0,2026-01-29,38.06905
1.0182366,40.229168,23.0,2026-01-30,38.078964
1.0182366,40.229168,23.0,2026-01-31,38.099495
1.0182366,40.229168,23.0,2026-02-01,38.07679
1.0182366,40.229168,23.0,2026-02-02,38.168633
1.0182366,40.229168,23.0,2026-02-03,38.214024
1.0182366,40.229168,23.0,2026-02-04,38.265846
1.0182366,40.229168,23.0,2026-02-05,38.345497
1.0182366,40.229168,23.0,2026-02-06,38.368065
1.0182366,40.229168,23.0,2026-02-07,38.365986
1.0182366,40.229168,23.0,2026-02-08,38.323826
1.0182366,40.229168,23.0,2026-02-09,38.294422
1.0182366,40.270832,22.5,2026-01-10,
1.0182366,40.270832,22.5,2026-01-11,
1.0182366,40.270832,22.5,2026-01-12,
1.0182366,40.270832,22.5,2026-01-13,
1.0182366,40.270832,22.5,2026-01-14,
1.0182366,40.270832,22.5,2026-01-15,
1.0182366,40.270832,22.5,2026-01-16,
1.0182366,40.270832,22.5,2026-01-17,
1.0182366,40.270832,22.5,2026-01-18,
1.0182366,40.270832,22.5,2026-01-19,
1.0182366,40.270832,22.5,2026-01-20,
1.0182366,40.270832,22.5,2026-01-21,
1.0182366,40.270832,22.5,2026-01-22,
1.0182366,40.270832,22.5,2026-01-23,
1.0182366,40.270832,22.5,2026-01-24,
1.0182366,40.270832,22.5,2026-01-25,
1.0182366,40.270832,22.5,2026-01-26,
1.0182366,40.270832,22.5,2026-01-27,
1.0182366,40.270832,22.5,2026-01-28,
1.0182366,40.270832,22.5,2026-01-29,
1.0182366,40.270832,22.5,2026-01-30,
1.0182366,40.270832,22.5,2026-01-31,
1.0182366,40.270832,22.5,2026-02-01,
1.0182366,40.270832,22.5,2026-02-02,
1.0182366,40.270832,22.5,2026-02-03,
1.0182366,40.270832,22.5,2026-02-04,
1.0182366,40.270832,22.5,2026-02-05,
1.0182366,40.270832,22.5,2026-02-06,
1.0182366,40.270832,22.5,2026-02-07,
1.0182366,40.270832,22.5,2026-02-08,
1.0182366,40.270832,22.5,2026-02-09,
1.0182366,40.270832,22.541666,2026-01-10,
1.0182366,40.270832,22.541666,2026-01-11,
1.0182366,40.270832,22.541666,2026-01-12,
1.0182366,40.270832,22.541666,2026-01-13,
1.0182366,40.270832,22.541666,2026-01-14,
1.0182366,40.270832,22.541666,2026-01-15,
1.0182366,40.270832,22.541666,2026-01-16,
1.0182366,40.270832,22.541666,2026-01-17,
1.0182366,40.270832,22.541666,2026-01-18,
1.0182366,40.270832,22.541666,2026-01-19,
1.0182366,40.270832,22.541666,2026-01-20,
1.0182366,40.270832,22.541666,2026-01-21,
1.0182366,40.270832,22.541666,2026-01-22,
1.0182366,40.270832,22.541666,2026-01-23,
1.0182366,40.270832,22.541666,2026-01-24,
1.0182366,40.270832,22.541666,2026-01-25,
1.0182366,40.270832,22.541666,2026-01-26,
1.0182366,40.270832,22.541666,2026-01-27,
1.0182366,40.270832,22.541666,2026-01-28,
1.0182366,40.270832,22.541666,2026-01-29,
1.0182366,40.270832,22.541666,2026-01-30,
1.0182366,40.270832,22.541666,2026-01-31,
1.0182366,40.270832,22.541666,2026-02-01,
1.0182366,40.270832,22.541666,2026-02-02,
1.0182366,40.270832,22.541666,2026-02-03,
1.0182366,40.270832,22.541666,2026-02-04,
1.0182366,40.270832,22.541666,2026-02-05,
1.0182366,40.270832,22.541666,2026-02-06,
1.0182366,40.270832,22.541666,2026-02-07,
1.0182366,40.270832,22.541666,2026-02-08,
1.0182366,40.270832,22.541666,2026-02-09,
1.0182366,40.270832,22.583334,2026-01-10,
1.0182366,40.270832,22.583334,2026-01-11,
1.0182366,40.270832,22.583334,2026-01-12,
1.0182366,40.270832,22.583334,2026-01-13,
1.0182366,40.270832,22.583334,2026-01-14,
1.0182366,40.270832,22.583334,2026-01-15,
1.0182366,40.270832,22.583334,2026-01-16,
1.0182366,40.270832,22.583334,2026-01-17,
1.0182366,40.270832,22.583334,2026-01-18,
1.0182366,40.270832,22.583334,2026-01-19,
1.0182366,40.270832,22.583334,2026-01-20,
1.0182366,40.270832,22.583334,2026-01-21,
1.0182366,40.270832,22.583334,2026-01-22,
1.0182366,40.270832,22.583334,2026-01-23,
1.0182366,40.270832,22.583334,2026-01-24,
1.0182366,40.270832,22.583334,2026-01-25,
1.0182366,40.270832,22.583334,2026-01-26,
1.0182366,40.270832,22.583334,2026-01-27,
1.0182366,40.270832,22.583334,2026-01-28,
1.0182366,40.270832,22.583334,2026-01-29,
1.0182366,40.270832,22.583334,2026-01-30,
1.0182366,40.270832,22.583334,2026-01-31,
1.0182366,40.270832,22.583334,2026-02-01,
1.0182366,40.270832,22.583334,2026-02-02,
1.0182366,40.270832,22.583334,2026-02-03,
1.0182366,40.270832,22.583334,2026-02-04,
1.0182366,40.270832,22.583334,2026-02-05,
1.0182366,40.270832,22.583334,2026-02-06,
1.0182366,40.270832,22.583334,2026-02-07,
1.0182366,40.270832,22.583334,2026-02-08,
1.0182366,40.270832,22.583334,2026-02-09,
1.0182366,40.270832,22.625,2026-01-10,36.694153
1.0182366,40.270832,22.625,2026-01-11,36.221832
1.0182366,40.270832,22.625,2026-01-12,36.182793
1.0182366,40.270832,22.625,2026-01-13,36.381653
1.0182366,40.270832,22.625,2026-01-14,36.510017
1.0182366,40.270832,22.625,2026-01-15,36.647324
1.0182366,40.270832,22.625,2026-01-16,36.70661
1.0182366,40.270832,22.625,2026-01-17,36.86449
1.0182366,40.270832,22.625,2026-01-18,37.021267
1.0182366,40.270832,22.625,2026-01-19,37.049187
1.0182366,40.270832,22.625,2026-01-20,36.989605
1.0182366,40.270832,22.625,2026-01-21,36.57124
1.0182366,40.270832,22.625,2026-01-22,36.05682
1.0182366,40.270832,22.625,2026-01-23,36.1337
1.0182366,40.270832,22.625,2026-01-24,36.27482
1.0182366,40.270832,22.625,2026-01-25,36.432045
1.0182366,40.270832,22.625,2026-01-26,36.52744
1.0182366,40.270832,22.625,2026-01-27,36.461864
1.0182366,40.270832,22.625,2026-01-28,36.565117
1.0182366,40.270832,22.625,2026-01-29,36.033146
1.0182366,40.270832,22.625,2026-01-30,35.4966
1.0182366,40.270832,22.625,2026-01-31,35.32576
1.0182366,40.270832,22.625,2026-02-01,35.8129
1.0182366,40.270832,22.625,2026-02-02,34.708237
1.0182366,40.270832,22.625,2026-02-03,34.996883
1.0182366,40.270832,22.625,2026-02-04,35.15315
1.0182366,40.270832,22.625,2026-02-05,34.93841
1.0182366,40.270832,22.625,2026-02-06,34.95534
1.0182366,40.270832,22.625,2026-02-07,34.94176
1.0182366,40.270832,22.625,2026-02-08,34.675377
1.0182366,40.270832,22.625,2026-02-09,34.52402
1.0182366,40.270832,22.666666,2026-01-10,37.383465
1.0182366,40.270832,22.666666,2026-01-11,37.07072
1.0182366,40.270832,22.666666,2026-01-12,37.011383
1.0182366,40.270832,22.666666,2026-01-13,36.916603
1.0182366,40.270832,22.666666,2026-01-14,36.98449
1.0182366,40.270832,22.666666,2026-01-15,37.02383
1.0182366,40.270832,22.666666,2026-01-16,36.946083
1.0182366,40.270832,22.666666,2026-01-17,37.24702
1.0182366,40.270832,22.666666,2026-01-18,37.407845
1.0182366,40.270832,22.666666,2026-01-19,37.56781
1.0182366,40.270832,22.666666,2026-01-20,37.33526
1.0182366,40.270832,22.666666,2026-01-21,37.114746
1.0182366,40.270832,22.666666,2026-01-22,36.82182
1.0182366,40.270832,22.666666,2026-01-23,36.734188
1.0182366,40.270832,22.666666,2026-01-24,36.84192
1.0182366,40.270832,22.666666,2026-01-25,36.91346
1.0182366,40.270832,22.666666,2026-01-26,37.019203
1.0182366,40.270832,22.666666,2026-01-27,36.912743
1.0182366,40.270832,22.666666,2026-01-28,37.1474
1.0182366,40.270832,22.666666,2026-01-29,36.923317
1.0182366,40.270832,22.666666,2026-01-30,36.64522
1.0182366,40.270832,22.666666,2026-01-31,36.587364
1.0182366,40.270832,22.666666,2026-02-01,37.022682
1.0182366,40.270832,22.666666,2026-02-02,36.48061
1.0182366,40.270832,22.666666,2026-02-03,36.288574
1.0182366,40.270832,22.666666,2026-02-04,36.0646
1.0182366,40.270832,22.666666,2026-02-05,35.51489
1.0182366,40.270832,22.666666,2026-02-06,35.572857
1.0182366,40.270832,22.666666,2026-02-07,35.84504
1.0182366,40.270832,22.666666,2026-02-08,35.481827
1.0182366,40.270832,22.666666,2026-02-09,35.01079
1.0182366,40.270832,22.708334,2026-01-10,38.12816
1.0182366,40.270832,22.708334,2026-01-11,38.102825
1.0182366,40.270832,22.708334,2026-01-12,37.918793
1.0182366,40.270832,22.708334,2026-01-13,37.690105
1.0182366,40.270832,22.708334,2026-01-14,37.56101
1.0182366,40.270832,22.708334,2026-01-15,37.607597
1.0182366,40.270832,22.708334,2026-01-16,37.559433
1.0182366,40.270832,22.708334,2026-01-17,37.843502
1.0182366,40.270832,22.708334,2026-01-18,37.915546
1.0182366,40.270832,22.708334,2026-01-19,38.121
1.0182366,40.270832,22.708334,2026-01-20,38.068203
1.0182366,40.270832,22.708334,2026-01-21,37.97435
1.0182366,40.270832,22.708334,2026-01-22,37.64258
1.0182366,40.270832,22.708334,2026-01-23,37.468758
1.0182366,40.270832,22.708334,2026-01-24,37.466034
1.0182366,40.270832,22.708334,2026-01-25,37.4411
1.0182366,40.270832,22.708334,2026-01-26,37.500088
1.0182366,40.270832,22.708334,2026-01-27,37.3922
1.0182366,40.270832,22.708334,2026-01-28,37.732346
1.0182366,40.270832,22.708334,2026-01-29,37.69783
1.0182366,40.270832,22.708334,2026-01-30,37.695198
1.0182366,40.270832,22.708334,2026-01-31,37.692272
1.0182366,40.270832,22.708334,2026-02-01,37.865982
1.0182366,40.270832,22.708334,2026-02-02,37.842445
1.0182366,40.270832,22.708334,2026-02-03,37.633446
1.0182366,40.270832,22.708334,2026-02-04,37.23679
1.0182366,40.270832,22.708334,2026-02-05,36.67864
1.0182366,40.270832,22.708334,2026-02-06,36.640945
1.0182366,40.270832,22.708334,2026-02-07,37.13328
1.0182366,40.270832,22.708334,2026-02-08,36.710667
1.0182366,40.270832,22.708334,2026-02-09,35.975914
1.0182366,40.270832,22.75,2026-01-10,38.286354
1.0182366,40.270832,22.75,2026-01-11,38.25005
1.0182366,40.270832,22.75,2026-01-12,38.227898
1.0182366,40.270832,22.75,2026-01-13,38.183205
1.0182366,40.270832,22.75,2026-01-14,38.094913
1.0182366,40.270832,22.75,2026-01-15,38.123997
1.0182366,40.270832,22.75,2026-01-16,38.174053
1.0182366,40.270832,22.75,2026-01-17,38.227657
1.0182366,40.270832,22.75,2026-01-18,38.24539
1.0182366,40.270832,22.75,2026-01-19,38.268387
1.0182366,40.270832,22.75,2026-01-20,38.267227
1.0182366,40.270832,22.75,2026-01-21,38.257454
1.0182366,40.270832,22.75,2026-01-22,38.213062
1.0182366,40.270832,22.75,2026-01-23,38.05403
1.0182366,40.270832,22.75,2026-01-24,37.91461
1.0182366,40.270832,22.75,2026-01-25,37.84588
1.0182366,40.270832,22.75,2026-01-26,37.869537
1.0182366,40.270832,22.75,2026-01-27,37.822407
1.0182366,40.270832,22.75,2026-01-28,38.05614
1.0182366,40.270832,22.75,2026-01-29,38.059464
1.0182366,40.270832,22.75,2026-01-30,38.102608
1.0182366,40.270832,22.75,2026-01-31,38.14229
1.0182366,40.270832,22.75,2026-02-01,38.106365
1.0182366,40.270832,22.75,2026-02-02,38.140938
1.0182366,40.270832,22.75,2026-02-03,38.13963
1.0182366,40.270832,22.75,2026-02-04,38.049194
1.0182366,40.270832,22.75,2026-02-05,37.808086
1.0182366,40.270832,22.75,2026-02-06,37.69367
1.0182366,40.270832,22.75,2026-02-07,37.927124
1.0182366,40.270832,22.75,2026-02-08,37.788578
1.0182366,40.270832,22.75,2026-02-09,37.224342
1.0182366,40.270832,22.791666,2026-01-10,38.327396
1.0182366,40.270832,22.791666,2026-01-11,38.31179
1.0182366,40.270832,22.791666,2026-01-12,38.272957
1.0182366,40.270832,22.791666,2026-01-13,38.27174
1.0182366,40.270832,22.791666,2026-01-14,38.244785
1.0182366,40.270832,22.791666,2026-01-15,38.226215
1.0182366,40.270832,22.791666,2026-01-16,38.219326
1.0182366,40.270832,22.791666,2026-01-17,38.22653
1.0182366,40.270832,22.791666,2026-01-18,38.248978
1.0182366,40.270832,22.791666,2026-01-19,38.265682
1.0182366,40.270832,22.791666,2026-01-20,38.279057
1.0182366,40.270832,22.791666,2026-01-21,38.283386
1.0182366,40.270832,22.791666,2026-01-22,38.269253
1.0182366,40.270832,22.791666,2026-01-23,38.231743
1.0182366,40.270832,22.791666,2026-01-24,38.192047
1.0182366,40.270832,22.791666,2026-01-25,38.165474
1.0182366,40.270832,22.791666,2026-01-26,38.107834
1.0182366,40.270832,22.791666,2026-01-27,38.05322
1.0182366,40.270832,22.791666,2026-01-28,38.16273
1.0182366,40.270832,22.791666,2026-01-29,38.15178
1.0182366,40.270832,22.791666,2026-01-30,38.136353
1.0182366,40.270832,22.791666,2026-01-31,38.149864
1.0182366,40.270832,22.791666,2026-02-01,38.100105
1.0182366,40.270832,22.791666,2026-02-02,38.12066
1.0182366,40.270832,22.791666,2026-02-03,38.115604
1.0182366,40.270832,22.791666,2026-02-04,38.09473
1.0182366,40.270832,22.791666,2026-02-05,38.082203
1.0182366,40.270832,22.791666,2026-02-06,38.05752
1.0182366,40.270832,22.791666,2026-02-07,38.08374
1.0182366,40.270832,22.791666,2026-02-08,38.05961
1.0182366,40.270832,22.791666,2026-02-09,37.996662
1.0182366,40.270832,22.833334,2026-01-10,38.329277
1.0182366,40.270832,22.833334,2026-01-11,38.334965
1.0182366,40.270832,22.833334,2026-01-12,38.30964
1.0182366,40.270832,22.833334,2026-01-13,38.259975
1.0182366,40.270832,22.833334,2026-01-14,38.232082
1.0182366,40.270832,22.833334,2026-01-15,38.206905
1.0182366,40.270832,22.833334,2026-01-16,38.192417
1.0182366,40.270832,22.833334,2026-01-17,38.193768
1.0182366,40.270832,22.833334,2026-01-18,38.21803
1.0182366,40.270832,22.833334,2026-01-19,38.225517
1.0182366,40.270832,22.833334,2026-01-20,38.251102
1.0182366,40.270832,22.833334,2026-01-21,38.275692
1.0182366,40.270832,22.833334,2026-01-22,38.2692
1.0182366,40.270832,22.833334,2026-01-23,38.24808
1.0182366,40.270832,22.833334,2026-01-24,38.220314
1.0182366,40.270832,22.833334,2026-01-25,38.199764
1.0182366,40.270832,22.833334,2026-01-26,38.13925
1.0182366,40.270832,22.833334,2026-01-27,38.07775
1.0182366,40.270832,22.833334,2026-01-28,38.16554
1.0182366,40.270832,22.833334,2026-01-29,38.162895
1.0182366,40.270832,22.833334,2026-01-30,38.151268
1.0182366,40.270832,22.833334,2026-01-31,38.14652
1.0182366,40.270832,22.833334,2026-02-01,38.073555
1.0182366,40.270832,22.833334,2026-02-02,38.095367
1.0182366,40.270832,22.833334,2026-02-03,38.09625
1.0182366,40.270832,22.833334,2026-02-04,38.079544
1.0182366,40.270832,22.833334,2026-02-05,38.083614
1.0182366,40.270832,22.833334,2026-02-06,38.079983
1.0182366,40.270832,22.833334,2026-02-07,38.09389
1.0182366,40.270832,22.833334,2026-02-08,38.05502
1.0182366,40.270832,22.833334,2026-02-09,38.027596
1.0182366,40.270832,22.875,2026-01-10,38.30992
1.0182366,40.270832,22.875,2026-01-11,38.321045
1.0182366,40.270832,22.875,2026-01-12,38.315426
1.0182366,40.270832,22.875,2026-01-13,38.221912
1.0182366,40.270832,22.875,2026-01-14,38.165688
1.0182366,40.270832,22.875,2026-01-15,38.134613
1.0182366,40.270832,22.875,2026-01-16,38.11108
1.0182366,40.270832,22.875,2026-01-17,38.115562
1.0182366,40.270832,22.875,2026-01-18,38.14294
1.0182366,40.270832,22.875,2026-01-19,38.140106
1.0182366,40.270832,22.875,2026-01-20,38.168835
1.0182366,40.270832,22.875,2026-01-21,38.224747
1.0182366,40.270832,22.875,2026-01-22,38.23998
1.0182366,40.270832,22.875,2026-01-23,38.215195
1.0182366,40.270832,22.875,2026-01-24,38.18465
1.0182366,40.270832,22.875,2026-01-25,38.159378
1.0182366,40.270832,22.875,2026-01-26,38.106373
1.0182366,40.270832,22.875,2026-01-27,38.06581
1.0182366,40.270832,22.875,2026-01-28,38.144638
1.0182366,40.270832,22.875,2026-01-29,38.146713
1.0182366,40.270832,22.875,2026-01-30,38.13844
1.0182366,40.270832,22.875,2026-01-31,38.132057
1.0182366,40.270832,22.875,2026-02-01,38.051857
1.0182366,40.270832,22.875,2026-02-02,38.08275
1.0182366,40.270832,22.875,2026-02-03,38.083946
1.0182366,40.270832,22.875,2026-02-04,38.07025
1.0182366,40.270832,22.875,2026-02-05,38.072132
1.0182366,40.270832,22.875,2026-02-06,38.08899
1.0182366,40.270832,22.875,2026-02-07,38.086468
1.0182366,40.270832,22.875,2026-02-08,38.04588
1.0182366,40.270832,22.875,2026-02-09,38.046547
1.0182366,40.270832,22.916666,2026-01-10,38.268127
1.0182366,40.270832,22.916666,2026-01-11,38.28462
1.0182366,40.270832,22.916666,2026-01-12,38.26008
1.0182366,40.270832,22.916666,2026-01-13,38.15489
1.0182366,40.270832,22.916666,2026-01-14,38.0695
1.0182366,40.270832,22.916666,2026-01-15,38.04518
1.0182366,40.270832,22.916666,2026-01-16,38.042374
1.0182366,40.270832,22.916666,2026-01-17,38.038994
1.0182366,40.270832,22.916666,2026-01-18,38.045277
1.0182366,40.270832,22.916666,2026-01-19,38.041782
1.0182366,40.270832,22.916666,2026-01-20,38.060524
1.0182366,40.270832,22.916666,2026-01-21,38.11647
1.0182366,40.270832,22.916666,2026-01-22,38.126644
1.0182366,40.270832,22.916666,2026-01-23,38.104366
1.0182366,40.270832,22.916666,2026-01-24,38.088245
1.0182366,40.270832,22.916666,2026-01-25,38.081802
1.0182366,40.270832,22.916666,2026-01-26,38.035606
1.0182366,40.270832,22.916666,2026-01-27,38.027622
1.0182366,40.270832,22.916666,2026-01-28,38.09943
1.0182366,40.270832,22.916666,2026-01-29,38.105206
1.0182366,40.270832,22.916666,2026-01-30,38.101673
1.0182366,40.270832,22.916666,2026-01-31,38.102936
1.0182366,40.270832,22.916666,2026-02-01,38.022182
1.0182366,40.270832,22.916666,2026-02-02,38.058662
1.0182366,40.270832,22.916666,2026-02-03,38.066116
1.0182366,40.270832,22.916666,2026-02-04,38.05361
1.0182366,40.270832,22.916666,2026-02-05,38.07063
1.0182366,40.270832,22.916666,2026-02-06,38.100525
1.0182366,40.270832,22.916666,2026-02-07,38.078175
1.0182366,40.270832,22.916666,2026-02-08,38.042328
1.0182366,40.270832,22.916666,2026-02-09,38.044025
1.0182366,40.270832,22.958334,2026-01-10,38.22208
1.0182366,40.270832,22.958334,2026-01-11,38.253147
1.0182366,40.270832,22.958334,2026-01-12,38.22014
1.0182366,40.270832,22.958334,2026-01-13,38.133224
1.0182366,40.270832,22.958334,2026-01-14,38.104313
1.0182366,40.270832,22.958334,2026-01-15,38.11845
1.0182366,40.270832,22.958334,2026-01-16,38.131138
1.0182366,40.270832,22.958334,2026-01-17,38.076725
1.0182366,40.270832,22.958334,2026-01-18,38.02228
1.0182366,40.270832,22.958334,2026-01-19,38.0269
1.0182366,40.270832,22.958334,2026-01-20,38.02348
1.0182366,40.270832,22.958334,2026-01-21,38.023643
1.0182366,40.270832,22.958334,2026-01-22,38.023064
1.0182366,40.270832,22.958334,2026-01-23,38.027035
1.0182366,40.270832,22.958334,2026-01-24,38.032635
1.0182366,40.270832,22.958334,2026-01-25,38.038437
1.0182366,40.270832,22.958334,2026-01-26,38.000042
1.0182366,40.270832,22.958334,2026-01-27,37.983215
1.0182366,40.270832,22.958334,2026-01-28,38.0563
1.0182366,40.270832,22.958334,2026-01-29,38.067654
1.0182366,40.270832,22.958334,2026-01-30,38.071445
1.0182366,40.270832,22.958334,2026-01-31,38.07638
1.0182366,40.270832,22.958334,2026-02-01,37.994503
1.0182366,40.270832,22.958334,2026-02-02,38.0502
1.0182366,40.270832,22.958334,2026-02-03,38.060646
1.0182366,40.270832,22.958334,2026-02-04,38.06136
1.0182366,40.270832,22.958334,2026-02-05,38.09636
1.0182366,40.270832,22.958334,2026-02-06,38.132893
1.0182366,40.270832,22.958334,2026-02-07,38.10799
1.0182366,40.270832,22.958334,2026-02-08,38.064194
1.0182366,40.270832,22.958334,2026-02-09,38.057156
1.0182366,40.270832,23.0,2026-01-10,38.190582
1.0182366,40.270832,23.0,2026-01-11,38.231625
1.0182366,40.270832,23.0,2026-01-12,38.215496
1.0182366,40.270832,23.0,2026-01-13,38.178627
1.0182366,40.270832,23.0,2026-01-14,38.194366
1.0182366,40.270832,23.0,2026-01-15,38.220238
1.0182366,40.270832,23.0,2026-01-16,38.235767
1.0182366,40.270832,23.0,2026-01-17,38.20674
1.0182366,40.270832,23.0,2026-01-18,38.156475
1.0182366,40.270832,23.0,2026-01-19,38.155956
1.0182366,40.270832,23.0,2026-01-20,38.11301
1.0182366,40.270832,23.0,2026-01-21,38.03626
1.0182366,40.270832,23.0,2026-01-22,37.99362
1.0182366,40.270832,23.0,2026-01-23,38.000854
1.0182366,40.270832,23.0,2026-01-24,38.016685
1.0182366,40.270832,23.0,2026-01-25,38.02578
1.0182366,40.270832,23.0,2026-01-26,37.97111
1.0182366,40.270832,23.0,2026-01-27,37.973656
1.0182366,40.270832,23.0,2026-01-28,38.03995
1.0182366,40.270832,23.0,2026-01-29,38.044186
1.0182366,40.270832,23.0,2026-01-30,38.05008
1.0182366,40.270832,23.0,2026-01-31,38.05155
1.0182366,40.270832,23.0,2026-02-01,37.981888
1.0182366,40.270832,23.0,2026-02-02,38.048283
1.0182366,40.270832,23.0,2026-02-03,38.064556
1.0182366,40.270832,23.0,2026-02-04,38.083485
1.0182366,40.270832,23.0,2026-02-05,38.13081
1.0182366,40.270832,23.0,2026-02-06,38.15281
1.0182366,40.270832,23.0,2026-02-07,38.1508
1.0182366,40.270832,23.0,2026-02-08,38.117176
1.0182366,40.270832,23.0,2026-02-09,38.10258
1.0182366,40.3125,22.5,2026-01-10,
1.0182366,40.3125,22.5,2026-01-11,
1.0182366,40.3125,22.5,2026-01-12,
1.0182366,40.3125,22.5,2026-01-13,
1.0182366,40.3125,22.5,2026-01-14,
1.0182366,40.3125,22.5,2026-01-15,
1.0182366,40.3125,22.5,2026-01-16,
1.0182366,40.3125,22.5,2026-01-17,
1.0182366,40.3125,22.5,2026-01-18,
1.0182366,40.3125,22.5,2026-01-19,
1.0182366,40.3125,22.5,2026-01-20,
1.0182366,40.3125,22.5,2026-01-21,
1.0182366,40.3125,22.5,2026-01-22,
1.0182366,40.3125,22.5,2026-01-23,
1.0182366,40.3125,22.5,2026-01-24,
1.0182366,40.3125,22.5,2026-01-25,
1.0182366,40.3125,22.5,2026-01-26,
1.0182366,40.3125,22.5,2026-01-27,
1.0182366,40.3125,22.5,2026-01-28,
1.0182366,40.3125,22.5,2026-01-29,
1.0182366,40.3125,22.5,2026-01-30,
1.0182366,40.3125,22.5,2026-01-31,
1.0182366,40.3125,22.5,2026-02-01,
1.0182366,40.3125,22.5,2026-02-02,
1.0182366,40.3125,22.5,2026-02-03,
1.0182366,40.3125,22.5,2026-02-04,
1.0182366,40.3125,22.5,2026-02-05,
1.0182366,40.3125,22.5,2026-02-06,
1.0182366,40.3125,22.5,2026-02-07,
1.0182366,40.3125,22.5,2026-02-08,
1.0182366,40.3125,22.5,2026-02-09,
1.0182366,40.3125,22.541666,2026-01-10,
1.0182366,40.3125,22.541666,2026-01-11,
1.0182366,40.3125,22.541666,2026-01-12,
1.0182366,40.3125,22.541666,2026-01-13,
1.0182366,40.3125,22.541666,2026-01-14,
1.0182366,40.3125,22.541666,2026-01-15,
1.0182366,40.3125,22.541666,2026-01-16,
1.0182366,40.3125,22.541666,2026-01-17,
1.0182366,40.3125,22.541666,2026-01-18,
1.0182366,40.3125,22.541666,2026-01-19,
1.0182366,40.3125,22.541666,2026-01-20,
1.0182366,40.3125,22.541666,2026-01-21,
1.0182366,40.3125,22.541666,2026-01-22,
1.0182366,40.3125,22.541666,2026-01-23,
1.0182366,40.3125,22.541666,2026-01-24,
1.0182366,40.3125,22.541666,2026-01-25,
1.0182366,40.3125,22.541666,2026-01-26,
1.0182366,40.3125,22.541666,2026-01-27,
1.0182366,40.3125,22.541666,2026-01-28,
1.0182366,40.3125,22.541666,2026-01-29,
1.0182366,40.3125,22.541666,2026-01-30,
1.0182366,40.3125,22.541666,2026-01-31,
1.0182366,40.3125,22.541666,2026-02-01,
1.0182366,40.3125,22.541666,2026-02-02,
1.0182366,40.3125,22.541666,2026-02-03,
1.0182366,40.3125,22.541666,2026-02-04,
1.0182366,40.3125,22.541666,2026-02-05,
1.0182366,40.3125,22.541666,2026-02-06,
1.0182366,40.3125,22.541666,2026-02-07,
1.0182366,40.3125,22.541666,2026-02-08,
1.0182366,40.3125,22.541666,2026-02-09,
1.0182366,40.3125,22.583334,2026-01-10,
1.0182366,40.3125,22.583334,2026-01-11,
1.0182366,40.3125,22.583334,2026-01-12,
1.0182366,40.3125,22.583334,2026-01-13,
1.0182366,40.3125,22.583334,2026-01-14,
1.0182366,40.3125,22.583334,2026-01-15,
1.0182366,40.3125,22.583334,2026-01-16,
1.0182366,40.3125,22.583334,2026-01-17,
1.0182366,40.3125,22.583334,2026-01-18,
1.0182366,40.3125,22.583334,2026-01-19,
1.0182366,40.3125,22.583334,2026-01-20,
1.0182366,40.3125,22.583334,2026-01-21,
1.0182366,40.3125,22.583334,2026-01-22,
1.0182366,40.3125,22.583334,2026-01-23,
1.0182366,40.3125,22.583334,2026-01-24,
1.0182366,40.3125,22.583334,2026-01-25,
1.0182366,40.3125,22.583334,2026-01-26,
1.0182366,40.3125,22.583334,2026-01-27,
1.0182366,40.3125,22.583334,2026-01-28,
1.0182366,40.3125,22.583334,2026-01-29,
1.0182366,40.3125,22.583334,2026-01-30,
1.0182366,40.3125,22.583334,2026-01-31,
1.0182366,40.3125,22.583334,2026-02-01,
1.0182366,40.3125,22.583334,2026-02-02,
1.0182366,40.3125,22.583334,2026-02-03,
1.0182366,40.3125,22.583334,2026-02-04,
1.0182366,40.3125,22.583334,2026-02-05,
1.0182366,40.3125,22.583334,2026-02-06,
1.0182366,40.3125,22.583334,2026-02-07,
1.0182366,40.3125,22.583334,2026-02-08,
1.0182366,40.3125,22.583334,2026-02-09,
1.0182366,40.3125,22.625,2026-01-10,36.348087
1.0182366,40.3125,22.625,2026-01-11,35.87527
1.0182366,40.3125,22.625,2026-01-12,36.159256
1.0182366,40.3125,22.625,2026-01-13,36.463074
1.0182366,40.3125,22.625,2026-01-14,36.511017
1.0182366,40.3125,22.625,2026-01-15,36.546364
1.0182366,40.3125,22.625,2026-01-16,36.48888
1.0182366,40.3125,22.625,2026-01-17,36.576447
1.0182366,40.3125,22.625,2026-01-18,36.715687
1.0182366,40.3125,22.625,2026-01-19,36.787888
1.0182366,40.3125,22.625,2026-01-20,36.772636
1.0182366,40.3125,22.625,2026-01-21,36.23055
1.0182366,40.3125,22.625,2026-01-22,35.970737
1.0182366,40.3125,22.625,2026-01-23,36.14435
1.0182366,40.3125,22.625,2026-01-24,36.303333
1.0182366,40.3125,22.625,2026-01-25,36.42971
1.0182366,40.3125,22.625,2026-01-26,36.450523
1.0182366,40.3125,22.625,2026-01-27,36.3809
1.0182366,40.3125,22.625,2026-01-28,35.99016
1.0182366,40.3125,22.625,2026-01-29,35.515957
1.0182366,40.3125,22.625,2026-01-30,34.879856
1.0182366,40.3125,22.625,2026-01-31,34.94879
1.0182366,40.3125,22.625,2026-02-01,35.405685
1.0182366,40.3125,22.625,2026-02-02,34.290752
1.0182366,40.3125,22.625,2026-02-03,34.69344
1.0182366,40.3125,22.625,2026-02-04,34.81066
1.0182366,40.3125,22.625,2026-02-05,34.65869
1.0182366,40.3125,22.625,2026-02-06,34.720608
1.0182366,40.3125,22.625,2026-02-07,34.487465
1.0182366,40.3125,22.625,2026-02-08,34.30377
1.0182366,40.3125,22.625,2026-02-09,34.049202
1.0182366,40.3125,22.666666,2026-01-10,37.082165
1.0182366,40.3125,22.666666,2026-01-11,36.752308
1.0182366,40.3125,22.666666,2026-01-12,36.798275
1.0182366,40.3125,22.666666,2026-01-13,36.742393
1.0182366,40.3125,22.666666,2026-01-14,36.75589
1.0182366,40.3125,22.666666,2026-01-15,36.598248
1.0182366,40.3125,22.666666,2026-01-16,36.38924
1.0182366,40.3125,22.666666,2026-01-17,36.81885
1.0182366,40.3125,22.666666,2026-01-18,37.10784
1.0182366,40.3125,22.666666,2026-01-19,37.259068
1.0182366,40.3125,22.666666,2026-01-20,37.19779
1.0182366,40.3125,22.666666,2026-01-21,36.8074
1.0182366,40.3125,22.666666,2026-01-22,36.677265
1.0182366,40.3125,22.666666,2026-01-23,36.622967
1.0182366,40.3125,22.666666,2026-01-24,36.67978
1.0182366,40.3125,22.666666,2026-01-25,36.74241
1.0182366,40.3125,22.666666,2026-01-26,36.73743
1.0182366,40.3125,22.666666,2026-01-27,36.606125
1.0182366,40.3125,22.666666,2026-01-28,36.497284
1.0182366,40.3125,22.666666,2026-01-29,36.18332
1.0182366,40.3125,22.666666,2026-01-30,35.887894
1.0182366,40.3125,22.666666,2026-01-31,35.955616
1.0182366,40.3125,22.666666,2026-02-01,36.612556
1.0182366,40.3125,22.666666,2026-02-02,35.988136
1.0182366,40.3125,22.666666,2026-02-03,36.046917
1.0182366,40.3125,22.666666,2026-02-04,35.422844
1.0182366,40.3125,22.666666,2026-02-05,35.11838
1.0182366,40.3125,22.666666,2026-02-06,35.170826
1.0182366,40.3125,22.666666,2026-02-07,35.292183
1.0182366,40.3125,22.666666,2026-02-08,34.892586
1.0182366,40.3125,22.666666,2026-02-09,34.15304
1.0182366,40.3125,22.708334,2026-01-10,37.919098
1.0182366,40.3125,22.708334,2026-01-11,37.847942
1.0182366,40.3125,22.708334,2026-01-12,37.53182
1.0182366,40.3125,22.708334,2026-01-13,37.019512
1.0182366,40.3125,22.708334,2026-01-14,37.166878
1.0182366,40.3125,22.708334,2026-01-15,37.00329
1.0182366,40.3125,22.708334,2026-01-16,36.7792
1.0182366,40.3125,22.708334,2026-01-17,37.241924
1.0182366,40.3125,22.708334,2026-01-18,37.557575
1.0182366,40.3125,22.708334,2026-01-19,37.800793
1.0182366,40.3125,22.708334,2026-01-20,37.81405
1.0182366,40.3125,22.708334,2026-01-21,37.665928
1.0182366,40.3125,22.708334,2026-01-22,37.319767
1.0182366,40.3125,22.708334,2026-01-23,37.362404
1.0182366,40.3125,22.708334,2026-01-24,37.228188
1.0182366,40.3125,22.708334,2026-01-25,37.167828
1.0182366,40.3125,22.708334,2026-01-26,37.12021
1.0182366,40.3125,22.708334,2026-01-27,37.05636
1.0182366,40.3125,22.708334,2026-01-28,37.183594
1.0182366,40.3125,22.708334,2026-01-29,36.898155
1.0182366,40.3125,22.708334,2026-01-30,36.983215
1.0182366,40.3125,22.708334,2026-01-31,36.906143
1.0182366,40.3125,22.708334,2026-02-01,37.435574
1.0182366,40.3125,22.708334,2026-02-02,37.31011
1.0182366,40.3125,22.708334,2026-02-03,37.339806
1.0182366,40.3125,22.708334,2026-02-04,36.364277
1.0182366,40.3125,22.708334,2026-02-05,36.093422
1.0182366,40.3125,22.708334,2026-02-06,36.063454
1.0182366,40.3125,22.708334,2026-02-07,36.56989
1.0182366,40.3125,22.708334,2026-02-08,35.84426
1.0182366,40.3125,22.708334,2026-02-09,34.84594
1.0182366,40.3125,22.75,2026-01-10,38.188843
1.0182366,40.3125,22.75,2026-01-11,38.148746
1.0182366,40.3125,22.75,2026-01-12,38.07142
1.0182366,40.3125,22.75,2026-01-13,37.76747
1.0182366,40.3125,22.75,2026-01-14,37.60068
1.0182366,40.3125,22.75,2026-01-15,37.719234
1.0182366,40.3125,22.75,2026-01-16,37.558384
1.0182366,40.3125,22.75,2026-01-17,37.832203
1.0182366,40.3125,22.75,2026-01-18,37.957382
1.0182366,40.3125,22.75,2026-01-19,38.15386
1.0182366,40.3125,22.75,2026-01-20,38.182735
1.0182366,40.3125,22.75,2026-01-21,38.205265
1.0182366,40.3125,22.75,2026-01-22,38.12502
1.0182366,40.3125,22.75,2026-01-23,37.93551
1.0182366,40.3125,22.75,2026-01-24,37.754265
1.0182366,40.3125,22.75,2026-01-25,37.673916
1.0182366,40.3125,22.75,2026-01-26,37.62139
1.0182366,40.3125,22.75,2026-01-27,37.629765
1.0182366,40.3125,22.75,2026-01-28,37.829636
1.0182366,40.3125,22.75,2026-01-29,37.616222
1.0182366,40.3125,22.75,2026-01-30,37.757835
1.0182366,40.3125,22.75,2026-01-31,37.65781
1.0182366,40.3125,22.75,2026-02-01,37.887985
1.0182366,40.3125,22.75,2026-02-02,37.819027
1.0182366,40.3125,22.75,2026-02-03,37.95721
1.0182366,40.3125,22.75,2026-02-04,37.134953
1.0182366,40.3125,22.75,2026-02-05,37.145664
1.0182366,40.3125,22.75,2026-02-06,37.088844
1.0182366,40.3125,22.75,2026-02-07,37.500507
1.0182366,40.3125,22.75,2026-02-08,36.91832
1.0182366,40.3125,22.75,2026-02-09,36.107082
1.0182366,40.3125,22.791666,2026-01-10,38.25456
1.0182366,40.3125,22.791666,2026-01-11,38.23372
1.0182366,40.3125,22.791666,2026-01-12,38.17003
1.0182366,40.3125,22.791666,2026-01-13,38.15056
1.0182366,40.3125,22.791666,2026-01-14,38.112568
1.0182366,40.3125,22.791666,2026-01-15,38.103855
1.0182366,40.3125,22.791666,2026-01-16,38.06317
1.0182366,40.3125,22.791666,2026-01-17,38.09213
1.0182366,40.3125,22.791666,2026-01-18,38.09165
1.0182366,40.3125,22.791666,2026-01-19,38.157963
1.0182366,40.3125,22.791666,2026-01-20,38.18801
1.0182366,40.3125,22.791666,2026-01-21,38.209152
1.0182366,40.3125,22.791666,2026-01-22,38.191143
1.0182366,40.3125,22.791666,2026-01-23,38.157593
1.0182366,40.3125,22.791666,2026-01-24,38.127083
1.0182366,40.3125,22.791666,2026-01-25,38.09056
1.0182366,40.3125,22.791666,2026-01-26,38.01214
1.0182366,40.3125,22.791666,2026-01-27,37.984615
1.0182366,40.3125,22.791666,2026-01-28,38.090736
1.0182366,40.3125,22.791666,2026-01-29,38.02636
1.0182366,40.3125,22.791666,2026-01-30,38.074085
1.0182366,40.3125,22.791666,2026-01-31,38.009167
1.0182366,40.3125,22.791666,2026-02-01,38.018944
1.0182366,40.3125,22.791666,2026-02-02,38.03108
1.0182366,40.3125,22.791666,2026-02-03,38.04417
1.0182366,40.3125,22.791666,2026-02-04,37.55552
1.0182366,40.3125,22.791666,2026-02-05,37.626442
1.0182366,40.3125,22.791666,2026-02-06,37.564796
1.0182366,40.3125,22.791666,2026-02-07,37.796642
1.0182366,40.3125,22.791666,2026-02-08,37.4275
1.0182366,40.3125,22.791666,2026-02-09,37.03971
1.0182366,40.3125,22.833334,2026-01-10,38.282013
1.0182366,40.3125,22.833334,2026-01-11,38.281616
1.0182366,40.3125,22.833334,2026-01-12,38.21901
1.0182366,40.3125,22.833334,2026-01-13,38.137398
1.0182366,40.3125,22.833334,2026-01-14,38.1177
1.0182366,40.3125,22.833334,2026-01-15,38.10857
1.0182366,40.3125,22.833334,2026-01-16,38.10148
1.0182366,40.3125,22.833334,2026-01-17,38.09625
1.0182366,40.3125,22.833334,2026-01-18,38.102074
1.0182366,40.3125,22.833334,2026-01-19,38.122154
1.0182366,40.3125,22.833334,2026-01-20,38.162155
1.0182366,40.3125,22.833334,2026-01-21,38.20229
1.0182366,40.3125,22.833334,2026-01-22,38.193478
1.0182366,40.3125,22.833334,2026-01-23,38.16118
1.0182366,40.3125,22.833334,2026-01-24,38.147408
1.0182366,40.3125,22.833334,2026-01-25,38.149864
1.0182366,40.3125,22.833334,2026-01-26,38.110703
1.0182366,40.3125,22.833334,2026-01-27,38.0901
1.0182366,40.3125,22.833334,2026-01-28,38.13448
1.0182366,40.3125,22.833334,2026-01-29,38.130573
1.0182366,40.3125,22.833334,2026-01-30,38.12602
1.0182366,40.3125,22.833334,2026-01-31,38.120365
1.0182366,40.3125,22.833334,2026-02-01,38.043377
1.0182366,40.3125,22.833334,2026-02-02,38.080147
1.0182366,40.3125,22.833334,2026-02-03,38.06666
1.0182366,40.3125,22.833334,2026-02-04,37.870598
1.0182366,40.3125,22.833334,2026-02-05,37.872017
1.0182366,40.3125,22.833334,2026-02-06,37.83959
1.0182366,40.3125,22.833334,2026-02-07,37.92472
1.0182366,40.3125,22.833334,2026-02-08,37.718082
1.0182366,40.3125,22.833334,2026-02-09,37.56859
1.0182366,40.3125,22.875,2026-01-10,38.261684
1.0182366,40.3125,22.875,2026-01-11,38.26633
1.0182366,40.3125,22.875,2026-01-12,38.198803
1.0182366,40.3125,22.875,2026-01-13,38.082184
1.0182366,40.3125,22.875,2026-01-14,38.0602
1.0182366,40.3125,22.875,2026-01-15,38.057133
1.0182366,40.3125,22.875,2026-01-16,38.056587
1.0182366,40.3125,22.875,2026-01-17,38.056225
1.0182366,40.3125,22.875,2026-01-18,38.06186
1.0182366,40.3125,22.875,2026-01-19,38.062172
1.0182366,40.3125,22.875,2026-01-20,38.103577
1.0182366,40.3125,22.875,2026-01-21,38.16622
1.0182366,40.3125,22.875,2026-01-22,38.181812
1.0182366,40.3125,22.875,2026-01-23,38.152992
1.0182366,40.3125,22.875,2026-01-24,38.124332
1.0182366,40.3125,22.875,2026-01-25,38.12111
1.0182366,40.3125,22.875,2026-01-26,38.062347
1.0182366,40.3125,22.875,2026-01-27,38.056793
1.0182366,40.3125,22.875,2026-01-28,38.116905
1.0182366,40.3125,22.875,2026-01-29,38.115997
1.0182366,40.3125,22.875,2026-01-30,38.107243
1.0182366,40.3125,22.875,2026-01-31,38.102367
1.0182366,40.3125,22.875,2026-02-01,38.02383
1.0182366,40.3125,22.875,2026-02-02,38.064537
1.0182366,40.3125,22.875,2026-02-03,38.05977
1.0182366,40.3125,22.875,2026-02-04,38.035828
1.0182366,40.3125,22.875,2026-02-05,38.034077
1.0182366,40.3125,22.875,2026-02-06,37.99233
1.0182366,40.3125,22.875,2026-02-07,38.003597
1.0182366,40.3125,22.875,2026-02-08,37.92039
1.0182366,40.3125,22.875,2026-02-09,37.929153
1.0182366,40.3125,22.916666,2026-01-10,38.180355
1.0182366,40.3125,22.916666,2026-01-11,38.18935
1.0182366,40.3125,22.916666,2026-01-12,38.14414
1.0182366,40.3125,22.916666,2026-01-13,38.03997
1.0182366,40.3125,22.916666,2026-01-14,38.005856
1.0182366,40.3125,22.916666,2026-01-15,37.992996
1.0182366,40.3125,22.916666,2026-01-16,37.982388
1.0182366,40.3125,22.916666,2026-01-17,37.99045
1.0182366,40.3125,22.916666,2026-01-18,38.015057
1.0182366,40.3125,22.916666,2026-01-19,38.012733
1.0182366,40.3125,22.916666,2026-01-20,38.027714
1.0182366,40.3125,22.916666,2026-01-21,38.074482
1.0182366,40.3125,22.916666,2026-01-22,38.08077
1.0182366,40.3125,22.916666,2026-01-23,38.06214
1.0182366,40.3125,22.916666,2026-01-24,38.060074
1.0182366,40.3125,22.916666,2026-01-25,38.06159
1.0182366,40.3125,22.916666,2026-01-26,38.024384
1.0182366,40.3125,22.916666,2026-01-27,38.000385
1.0182366,40.3125,22.916666,2026-01-28,38.06994
1.0182366,40.3125,22.916666,2026-01-29,38.082638
1.0182366,40.3125,22.916666,2026-01-30,38.078117
1.0182366,40.3125,22.916666,2026-01-31,38.07573
1.0182366,40.3125,22.916666,2026-02-01,37.999916
1.0182366,40.3125,22.916666,2026-02-02,38.034332
1.0182366,40.3125,22.916666,2026-02-03,38.032864
1.0182366,40.3125,22.916666,2026-02-04,38.02097
1.0182366,40.3125,22.916666,2026-02-05,38.01192
1.0182366,40.3125,22.916666,2026-02-06,38.009445
1.0182366,40.3125,22.916666,2026-02-07,38.00981
1.0182366,40.3125,22.916666,2026-02-08,37.99967
1.0182366,40.3125,22.916666,2026-02-09,38.022377
1.0182366,40.3125,22.958334,2026-01-10,38.1054
1.0182366,40.3125,22.958334,2026-01-11,38.128567
1.0182366,40.3125,22.958334,2026-01-12,38.12217
1.0182366,40.3125,22.958334,2026-01-13,38.055466
1.0182366,40.3125,22.958334,2026-01-14,38.02986
1.0182366,40.3125,22.958334,2026-01-15,38.012955
1.0182366,40.3125,22.958334,2026-01-16,38.00336
1.0182366,40.3125,22.958334,2026-01-17,37.98188
1.0182366,40.3125,22.958334,2026-01-18,37.988037
1.0182366,40.3125,22.958334,2026-01-19,37.993183
1.0182366,40.3125,22.958334,2026-01-20,37.991116
1.0182366,40.3125,22.958334,2026-01-21,38.001625
1.0182366,40.3125,22.958334,2026-01-22,38.02155
1.0182366,40.3125,22.958334,2026-01-23,38.030632
1.0182366,40.3125,22.958334,2026-01-24,38.028343
1.0182366,40.3125,22.958334,2026-01-25,38.025963
1.0182366,40.3125,22.958334,2026-01-26,37.985325
1.0182366,40.3125,22.958334,2026-01-27,37.960133
1.0182366,40.3125,22.958334,2026-01-28,38.03057
1.0182366,40.3125,22.958334,2026-01-29,38.06056
1.0182366,40.3125,22.958334,2026-01-30,38.05641
1.0182366,40.3125,22.958334,2026-01-31,38.055645
1.0182366,40.3125,22.958334,2026-02-01,37.97655
1.0182366,40.3125,22.958334,2026-02-02,38.01861
1.0182366,40.3125,22.958334,2026-02-03,38.015938
1.0182366,40.3125,22.958334,2026-02-04,38.00658
1.0182366,40.3125,22.958334,2026-02-05,38.00524
1.0182366,40.3125,22.958334,2026-02-06,38.00755
1.0182366,40.3125,22.958334,2026-02-07,38.00621
1.0182366,40.3125,22.958334,2026-02-08,37.99764
1.0182366,40.3125,22.958334,2026-02-09,38.008892
1.0182366,40.3125,23.0,2026-01-10,38.063137
1.0182366,40.3125,23.0,2026-01-11,38.100544
1.0182366,40.3125,23.0,2026-01-12,38.129208
1.0182366,40.3125,23.0,2026-01-13,38.106964
1.0182366,40.3125,23.0,2026-01-14,38.11208
1.0182366,40.3125,23.0,2026-01-15,38.12125
1.0182366,40.3125,23.0,2026-01-16,38.1317
1.0182366,40.3125,23.0,2026-01-17,38.115322
1.0182366,40.3125,23.0,2026-01-18,38.09899
1.0182366,40.3125,23.0,2026-01-19,38.10029
1.0182366,40.3125,23.0,2026-01-20,38.04373
1.0182366,40.3125,23.0,2026-01-21,38.001896
1.0182366,40.3125,23.0,2026-01-22,37.98789
1.0182366,40.3125,23.0,2026-01-23,38.01078
1.0182366,40.3125,23.0,2026-01-24,38.027378
1.0182366,40.3125,23.0,2026-01-25,38.03409
1.0182366,40.3125,23.0,2026-01-26,37.948788
1.0182366,40.3125,23.0,2026-01-27,37.96662
1.0182366,40.3125,23.0,2026-01-28,38.047215
1.0182366,40.3125,23.0,2026-01-29,38.041126
1.0182366,40.3125,23.0,2026-01-30,38.04526
1.0182366,40.3125,23.0,2026-01-31,38.043358
1.0182366,40.3125,23.0,2026-02-01,37.936516
1.0182366,40.3125,23.0,2026-02-02,38.007957
1.0182366,40.3125,23.0,2026-02-03,38.00603
1.0182366,40.3125,23.0,2026-02-04,38.002228
1.0182366,40.3125,23.0,2026-02-05,38.011395
1.0182366,40.3125,23.0,2026-02-06,38.01569
1.0182366,40.3125,23.0,2026-02-07,38.01824
1.0182366,40.3125,23.0,2026-02-08,38.012352
1.0182366,40.3125,23.0,2026-02-09,38.01355
1.0182366,40.354168,22.5,2026-01-10,
1.0182366,40.354168,22.5,2026-01-11,
1.0182366,40.354168,22.5,2026-01-12,
1.0182366,40.354168,22.5,2026-01-13,
1.0182366,40.354168,22.5,2026-01-14,
1.0182366,40.354168,22.5,2026-01-15,
1.0182366,40.354168,22.5,2026-01-16,
1.0182366,40.354168,22.5,2026-01-17,
1.0182366,40.354168,22.5,2026-01-18,
1.0182366,40.354168,22.5,2026-01-19,
1.0182366,40.354168,22.5,2026-01-20,
1.0182366,40.354168,22.5,2026-01-21,
1.0182366,40.354168,22.5,2026-01-22,
1.0182366,40.354168,22.5,2026-01-23,
1.0182366,40.354168,22.5,2026-01-24,
1.0182366,40.354168,22.5,2026-01-25,
1.0182366,40.354168,22.5,2026-01-26,
1.0182366,40.354168,22.5,2026-01-27,
1.0182366,40.354168,22.5,2026-01-28,
1.0182366,40.354168,22.5,2026-01-29,
1.0182366,40.354168,22.5,2026-01-30,
1.0182366,40.354168,22.5,2026-01-31,
1.0182366,40.354168,22.5,2026-02-01,
1.0182366,40.354168,22.5,2026-02-02,
1.0182366,40.354168,22.5,2026-02-03,
1.0182366,40.354168,22.5,2026-02-04,
1.0182366,40.354168,22.5,2026-02-05,
1.0182366,40.354168,22.5,2026-02-06,
1.0182366,40.354168,22.5,2026-02-07,
1.0182366,40.354168,22.5,2026-02-08,
1.0182366,40.354168,22.5,2026-02-09,
1.0182366,40.354168,22.541666,2026-01-10,
1.0182366,40.354168,22.541666,2026-01-11,
1.0182366,40.354168,22.541666,2026-01-12,
1.0182366,40.354168,22.541666,2026-01-13,
1.0182366,40.354168,22.541666,2026-01-14,
1.0182366,40.354168,22.541666,2026-01-15,
1.0182366,40.354168,22.541666,2026-01-16,
1.0182366,40.354168,22.541666,2026-01-17,
1.0182366,40.354168,22.541666,2026-01-18,
1.0182366,40.354168,22.541666,2026-01-19,
1.0182366,40.354168,22.541666,2026-01-20,
1.0182366,40.354168,22.541666,2026-01-21,
1.0182366,40.354168,22.541666,2026-01-22,
1.0182366,40.354168,22.541666,2026-01-23,
1.0182366,40.354168,22.541666,2026-01-24,
1.0182366,40.354168,22.541666,2026-01-25,
1.0182366,40.354168,22.541666,2026-01-26,
1.0182366,40.354168,22.541666,2026-01-27,
1.0182366,40.354168,22.541666,2026-01-28,
1.0182366,40.354168,22.541666,2026-01-29,
1.0182366,40.354168,22.541666,2026-01-30,
1.0182366,40.354168,22.541666,2026-01-31,
1.0182366,40.354168,22.541666,2026-02-01,
1.0182366,40.354168,22.541666,2026-02-02,
1.0182366,40.354168,22.541666,2026-02-03,
1.0182366,40.354168,22.541666,2026-02-04,
1.0182366,40.354168,22.541666,2026-02-05,
1.0182366,40.354168,22.541666,2026-02-06,
1.0182366,40.354168,22.541666,2026-02-07,
1.0182366,40.354168,22.541666,2026-02-08,
1.0182366,40.354168,22.541666,2026-02-09,
1.0182366,40.354168,22.583334,2026-01-10,
1.0182366,40.354168,22.583334,2026-01-11,
1.0182366,40.354168,22.583334,2026-01-12,
1.0182366,40.354168,22.583334,2026-01-13,
1.0182366,40.354168,22.583334,2026-01-14,
1.0182366,40.354168,22.583334,2026-01-15,
1.0182366,40.354168,22.583334,2026-01-16,
1.0182366,40.354168,22.583334,2026-01-17,
1.0182366,40.354168,22.583334,2026-01-18,
1.0182366,40.354168,22.583334,2026-01-19,
1.0182366,40.354168,22.583334,2026-01-20,
1.0182366,40.354168,22.583334,2026-01-21,
1.0182366,40.354168,22.583334,2026-01-22,
1.0182366,40.354168,22.583334,2026-01-23,
1.0182366,40.354168,22.583334,2026-01-24,
1.0182366,40.354168,22.583334,2026-01-25,
1.0182366,40.354168,22.583334,2026-01-26,
1.0182366,40.354168,22.583334,2026-01-27,
1.0182366,40.354168,22.583334,2026-01-28,
1.0182366,40.354168,22.583334,2026-01-29,
1.0182366,40.354168,22.583334,2026-01-30,
1.0182366,40.354168,22.583334,2026-01-31,
1.0182366,40.354168,22.583334,2026-02-01,
1.0182366,40.354168,22.583334,2026-02-02,
1.0182366,40.354168,22.583334,2026-02-03,
1.0182366,40.354168,22.583334,2026-02-04,
1.0182366,40.354168,22.583334,2026-02-05,
1.0182366,40.354168,22.583334,2026-02-06,
1.0182366,40.354168,22.583334,2026-02-07,
1.0182366,40.354168,22.583334,2026-02-08,
1.0182366,40.354168,22.583334,2026-02-09,
1.0182366,40.354168,22.625,2026-01-10,35.91674
1.0182366,40.354168,22.625,2026-01-11,35.56736
1.0182366,40.354168,22.625,2026-01-12,36.20099
1.0182366,40.354168,22.625,2026-01-13,36.47057
1.0182366,40.354168,22.625,2026-01-14,36.485336
1.0182366,40.354168,22.625,2026-01-15,36.297665
1.0182366,40.354168,22.625,2026-01-16,36.064304
1.0182366,40.354168,22.625,2026-01-17,36.191315
1.0182366,40.354168,22.625,2026-01-18,36.422237
1.0182366,40.354168,22.625,2026-01-19,36.603836
1.0182366,40.354168,22.625,2026-01-20,36.584057
1.0182366,40.354168,22.625,2026-01-21,35.86212
1.0182366,40.354168,22.625,2026-01-22,35.995075
1.0182366,40.354168,22.625,2026-01-23,36.32569
1.0182366,40.354168,22.625,2026-01-24,36.607365
1.0182366,40.354168,22.625,2026-01-25,36.73631
1.0182366,40.354168,22.625,2026-01-26,36.684498
1.0182366,40.354168,22.625,2026-01-27,36.194023
1.0182366,40.354168,22.625,2026-01-28,35.193707
1.0182366,40.354168,22.625,2026-01-29,34.974545
1.0182366,40.354168,22.625,2026-01-30,34.208935
1.0182366,40.354168,22.625,2026-01-31,34.364685
1.0182366,40.354168,22.625,2026-02-01,34.829258
1.0182366,40.354168,22.625,2026-02-02,33.57209
1.0182366,40.354168,22.625,2026-02-03,34.255768
1.0182366,40.354168,22.625,2026-02-04,34.313442
1.0182366,40.354168,22.625,2026-02-05,34.31169
1.0182366,40.354168,22.625,2026-02-06,34.32126
1.0182366,40.354168,22.625,2026-02-07,33.931686
1.0182366,40.354168,22.625,2026-02-08,33.856354
1.0182366,40.354168,22.625,2026-02-09,33.45604
1.0182366,40.354168,22.666666,2026-01-10,36.881927
1.0182366,40.354168,22.666666,2026-01-11,36.35031
1.0182366,40.354168,22.666666,2026-01-12,36.98096
1.0182366,40.354168,22.666666,2026-01-13,36.857212
1.0182366,40.354168,22.666666,2026-01-14,36.49776
1.0182366,40.354168,22.666666,2026-01-15,36.091442
1.0182366,40.354168,22.666666,2026-01-16,35.911823
1.0182366,40.354168,22.666666,2026-01-17,36.284664
1.0182366,40.354168,22.666666,2026-01-18,36.6645
1.0182366,40.354168,22.666666,2026-01-19,37.07085
1.0182366,40.354168,22.666666,2026-01-20,37.16354
1.0182366,40.354168,22.666666,2026-01-21,36.420856
1.0182366,40.354168,22.666666,2026-01-22,36.65995
1.0182366,40.354168,22.666666,2026-01-23,36.84678
1.0182366,40.354168,22.666666,2026-01-24,36.883446
1.0182366,40.354168,22.666666,2026-01-25,36.882706
1.0182366,40.354168,22.666666,2026-01-26,36.80296
1.0182366,40.354168,22.666666,2026-01-27,36.207745
1.0182366,40.354168,22.666666,2026-01-28,35.774086
1.0182366,40.354168,22.666666,2026-01-29,35.227165
1.0182366,40.354168,22.666666,2026-01-30,34.77427
1.0182366,40.354168,22.666666,2026-01-31,34.765198
1.0182366,40.354168,22.666666,2026-02-01,35.580475
1.0182366,40.354168,22.666666,2026-02-02,34.69587
1.0182366,40.354168,22.666666,2026-02-03,35.18154
1.0182366,40.354168,22.666666,2026-02-04,34.226593
1.0182366,40.354168,22.666666,2026-02-05,34.300236
1.0182366,40.354168,22.666666,2026-02-06,34.304573
1.0182366,40.354168,22.666666,2026-02-07,34.259815
1.0182366,40.354168,22.666666,2026-02-08,33.77404
1.0182366,40.354168,22.666666,2026-02-09,32.927555
1.0182366,40.354168,22.708334,2026-01-10,37.934975
1.0182366,40.354168,22.708334,2026-01-11,37.55375
1.0182366,40.354168,22.708334,2026-01-12,37.708656
1.0182366,40.354168,22.708334,2026-01-13,37.533714
1.0182366,40.354168,22.708334,2026-01-14,37.04935
1.0182366,40.354168,22.708334,2026-01-15,36.394356
1.0182366,40.354168,22.708334,2026-01-16,35.96504
1.0182366,40.354168,22.708334,2026-01-17,36.472702
1.0182366,40.354168,22.708334,2026-01-18,36.840023
1.0182366,40.354168,22.708334,2026-01-19,37.450623
1.0182366,40.354168,22.708334,2026-01-20,37.71614
1.0182366,40.354168,22.708334,2026-01-21,37.195087
1.0182366,40.354168,22.708334,2026-01-22,37.17982
1.0182366,40.354168,22.708334,2026-01-23,37.4077
1.0182366,40.354168,22.708334,2026-01-24,37.325745
1.0182366,40.354168,22.708334,2026-01-25,37.19882
1.0182366,40.354168,22.708334,2026-01-26,37.06393
1.0182366,40.354168,22.708334,2026-01-27,36.73345
1.0182366,40.354168,22.708334,2026-01-28,36.625202
1.0182366,40.354168,22.708334,2026-01-29,35.78955
1.0182366,40.354168,22.708334,2026-01-30,35.92795
1.0182366,40.354168,22.708334,2026-01-31,35.576775
1.0182366,40.354168,22.708334,2026-02-01,36.323353
1.0182366,40.354168,22.708334,2026-02-02,35.998234
1.0182366,40.354168,22.708334,2026-02-03,35.887867
1.0182366,40.354168,22.708334,2026-02-04,34.37298
1.0182366,40.354168,22.708334,2026-02-05,34.758717
1.0182366,40.354168,22.708334,2026-02-06,34.679317
1.0182366,40.354168,22.708334,2026-02-07,35.141525
1.0182366,40.354168,22.708334,2026-02-08,33.860683
1.0182366,40.354168,22.708334,2026-02-09,32.764
1.0182366,40.354168,22.75,2026-01-10,38.117702
1.0182366,40.354168,22.75,2026-01-11,38.090603
1.0182366,40.354168,22.75,2026-01-12,38.05541
1.0182366,40.354168,22.75,2026-01-13,38.005272
1.0182366,40.354168,22.75,2026-01-14,37.795464
1.0182366,40.354168,22.75,2026-01-15,37.251343
1.0182366,40.354168,22.75,2026-01-16,36.759087
1.0182366,40.354168,22.75,2026-01-17,37.03929
1.0182366,40.354168,22.75,2026-01-18,37.01199
1.0182366,40.354168,22.75,2026-01-19,37.637466
1.0182366,40.354168,22.75,2026-01-20,37.910805
1.0182366,40.354168,22.75,2026-01-21,38.018547
1.0182366,40.354168,22.75,2026-01-22,38.06049
1.0182366,40.354168,22.75,2026-01-23,37.981033
1.0182366,40.354168,22.75,2026-01-24,37.852936
1.0182366,40.354168,22.75,2026-01-25,37.734657
1.0182366,40.354168,22.75,2026-01-26,37.564465
1.0182366,40.354168,22.75,2026-01-27,37.582092
1.0182366,40.354168,22.75,2026-01-28,37.522392
1.0182366,40.354168,22.75,2026-01-29,36.857433
1.0182366,40.354168,22.75,2026-01-30,37.026024
1.0182366,40.354168,22.75,2026-01-31,36.716236
1.0182366,40.354168,22.75,2026-02-01,37.11092
1.0182366,40.354168,22.75,2026-02-02,37.016865
1.0182366,40.354168,22.75,2026-02-03,36.588017
1.0182366,40.354168,22.75,2026-02-04,35.019848
1.0182366,40.354168,22.75,2026-02-05,35.792675
1.0182366,40.354168,22.75,2026-02-06,35.890102
1.0182366,40.354168,22.75,2026-02-07,36.2906
1.0182366,40.354168,22.75,2026-02-08,34.685566
1.0182366,40.354168,22.75,2026-02-09,33.92815
1.0182366,40.354168,22.791666,2026-01-10,38.108658
1.0182366,40.354168,22.791666,2026-01-11,38.102192
1.0182366,40.354168,22.791666,2026-01-12,38.10164
1.0182366,40.354168,22.791666,2026-01-13,38.077374
1.0182366,40.354168,22.791666,2026-01-14,38.07892
1.0182366,40.354168,22.791666,2026-01-15,38.03582
1.0182366,40.354168,22.791666,2026-01-16,37.740402
1.0182366,40.354168,22.791666,2026-01-17,37.595554
1.0182366,40.354168,22.791666,2026-01-18,37.268875
1.0182366,40.354168,22.791666,2026-01-19,37.621113
1.0182366,40.354168,22.791666,2026-01-20,37.796314
1.0182366,40.354168,22.791666,2026-01-21,37.903664
1.0182366,40.354168,22.791666,2026-01-22,37.948475
1.0182366,40.354168,22.791666,2026-01-23,37.99317
1.0182366,40.354168,22.791666,2026-01-24,38.059658
1.0182366,40.354168,22.791666,2026-01-25,38.06783
1.0182366,40.354168,22.791666,2026-01-26,37.98029
1.0182366,40.354168,22.791666,2026-01-27,37.965115
1.0182366,40.354168,22.791666,2026-01-28,38.034542
1.0182366,40.354168,22.791666,2026-01-29,37.805717
1.0182366,40.354168,22.791666,2026-01-30,37.88083
1.0182366,40.354168,22.791666,2026-01-31,37.65215
1.0182366,40.354168,22.791666,2026-02-01,37.666782
1.0182366,40.354168,22.791666,2026-02-02,37.708344
1.0182366,40.354168,22.791666,2026-02-03,37.19802
1.0182366,40.354168,22.791666,2026-02-04,36.02796
1.0182366,40.354168,22.791666,2026-02-05,36.706738
1.0182366,40.354168,22.791666,2026-02-06,36.78303
1.0182366,40.354168,22.791666,2026-02-07,37.02062
1.0182366,40.354168,22.791666,2026-02-08,35.868904
1.0182366,40.354168,22.791666,2026-02-09,35.522675
1.0182366,40.354168,22.833334,2026-01-10,38.101665
1.0182366,40.354168,22.833334,2026-01-11,38.106304
1.0182366,40.354168,22.833334,2026-01-12,38.036198
1.0182366,40.354168,22.833334,2026-01-13,38.014256
1.0182366,40.354168,22.833334,2026-01-14,38.018093
1.0182366,40.354168,22.833334,2026-01-15,38.019947
1.0182366,40.354168,22.833334,2026-01-16,38.006535
1.0182366,40.354168,22.833334,2026-01-17,37.981388
1.0182366,40.354168,22.833334,2026-01-18,37.654594
1.0182366,40.354168,22.833334,2026-01-19,37.622017
1.0182366,40.354168,22.833334,2026-01-20,37.762665
1.0182366,40.354168,22.833334,2026-01-21,37.821953
1.0182366,40.354168,22.833334,2026-01-22,37.87394
1.0182366,40.354168,22.833334,2026-01-23,37.95672
1.0182366,40.354168,22.833334,2026-01-24,38.034294
1.0182366,40.354168,22.833334,2026-01-25,38.069
1.0182366,40.354168,22.833334,2026-01-26,38.053005
1.0182366,40.354168,22.833334,2026-01-27,38.044033
1.0182366,40.354168,22.833334,2026-01-28,38.079205
1.0182366,40.354168,22.833334,2026-01-29,38.085335
1.0182366,40.354168,22.833334,2026-01-30,38.07867
1.0182366,40.354168,22.833334,2026-01-31,38.062157
1.0182366,40.354168,22.833334,2026-02-01,37.95352
1.0182366,40.354168,22.833334,2026-02-02,38.014942
1.0182366,40.354168,22.833334,2026-02-03,37.799286
1.0182366,40.354168,22.833334,2026-02-04,37.10912
1.0182366,40.354168,22.833334,2026-02-05,37.379707
1.0182366,40.354168,22.833334,2026-02-06,37.344612
1.0182366,40.354168,22.833334,2026-02-07,37.496517
1.0182366,40.354168,22.833334,2026-02-08,36.88698
1.0182366,40.354168,22.833334,2026-02-09,36.882885
1.0182366,40.354168,22.875,2026-01-10,38.101418
1.0182366,40.354168,22.875,2026-01-11,38.10163
1.0182366,40.354168,22.875,2026-01-12,37.97816
1.0182366,40.354168,22.875,2026-01-13,37.94044
1.0182366,40.354168,22.875,2026-01-14,37.948658
1.0182366,40.354168,22.875,2026-01-15,37.960617
1.0182366,40.354168,22.875,2026-01-16,37.97281
1.0182366,40.354168,22.875,2026-01-17,37.96581
1.0182366,40.354168,22.875,2026-01-18,37.945805
1.0182366,40.354168,22.875,2026-01-19,37.924
1.0182366,40.354168,22.875,2026-01-20,37.9179
1.0182366,40.354168,22.875,2026-01-21,37.942078
1.0182366,40.354168,22.875,2026-01-22,37.9021
1.0182366,40.354168,22.875,2026-01-23,37.951916
1.0182366,40.354168,22.875,2026-01-24,38.009796
1.0182366,40.354168,22.875,2026-01-25,38.03411
1.0182366,40.354168,22.875,2026-01-26,37.997734
1.0182366,40.354168,22.875,2026-01-27,37.965107
1.0182366,40.354168,22.875,2026-01-28,38.060257
1.0182366,40.354168,22.875,2026-01-29,38.06318
1.0182366,40.354168,22.875,2026-01-30,38.059723
1.0182366,40.354168,22.875,2026-01-31,38.06217
1.0182366,40.354168,22.875,2026-02-01,37.987286
1.0182366,40.354168,22.875,2026-02-02,38.05047
1.0182366,40.354168,22.875,2026-02-03,38.051544
1.0182366,40.354168,22.875,2026-02-04,37.959156
1.0182366,40.354168,22.875,2026-02-05,37.827717
1.0182366,40.354168,22.875,2026-02-06,37.743595
1.0182366,40.354168,22.875,2026-02-07,37.82138
1.0182366,40.354168,22.875,2026-02-08,37.6769
1.0182366,40.354168,22.875,2026-02-09,37.69606
1.0182366,40.354168,22.916666,2026-01-10,38.079437
1.0182366,40.354168,22.916666,2026-01-11,38.09194
1.0182366,40.354168,22.916666,2026-01-12,38.007374
1.0182366,40.354168,22.916666,2026-01-13,37.949448
1.0182366,40.354168,22.916666,2026-01-14,37.94867
1.0182366,40.354168,22.916666,2026-01-15,37.950832
1.0182366,40.354168,22.916666,2026-01-16,37.955612
1.0182366,40.354168,22.916666,2026-01-17,37.958374
1.0182366,40.354168,22.916666,2026-01-18,37.958344
1.0182366,40.354168,22.916666,2026-01-19,37.955334
1.0182366,40.354168,22.916666,2026-01-20,37.952744
1.0182366,40.354168,22.916666,2026-01-21,37.980534
1.0182366,40.354168,22.916666,2026-01-22,37.960075
1.0182366,40.354168,22.916666,2026-01-23,37.955967
1.0182366,40.354168,22.916666,2026-01-24,37.990273
1.0182366,40.354168,22.916666,2026-01-25,38.007217
1.0182366,40.354168,22.916666,2026-01-26,37.941223
1.0182366,40.354168,22.916666,2026-01-27,37.930534
1.0182366,40.354168,22.916666,2026-01-28,38.04032
1.0182366,40.354168,22.916666,2026-01-29,38.041164
1.0182366,40.354168,22.916666,2026-01-30,38.04311
1.0182366,40.354168,22.916666,2026-01-31,38.044125
1.0182366,40.354168,22.916666,2026-02-01,37.935867
1.0182366,40.354168,22.916666,2026-02-02,38.014812
1.0182366,40.354168,22.916666,2026-02-03,38.02679
1.0182366,40.354168,22.916666,2026-02-04,38.025608
1.0182366,40.354168,22.916666,2026-02-05,38.01312
1.0182366,40.354168,22.916666,2026-02-06,37.99692
1.0182366,40.354168,22.916666,2026-02-07,38.000717
1.0182366,40.354168,22.916666,2026-02-08,38.000053
1.0182366,40.354168,22.916666,2026-02-09,38.041584
1.0182366,40.354168,22.958334,2026-01-10,38.042183
1.0182366,40.354168,22.958334,2026-01-11,38.061684
1.0182366,40.354168,22.958334,2026-01-12,38.063053
1.0182366,40.354168,22.958334,2026-01-13,37.99988
1.0182366,40.354168,22.958334,2026-01-14,37.97715
1.0182366,40.354168,22.958334,2026-01-15,37.963287
1.0182366,40.354168,22.958334,2026-01-16,37.95607
1.0182366,40.354168,22.958334,2026-01-17,37.952087
1.0182366,40.354168,22.958334,2026-01-18,37.954514
1.0182366,40.354168,22.958334,2026-01-19,37.958168
1.0182366,40.354168,22.958334,2026-01-20,37.9594
1.0182366,40.354168,22.958334,2026-01-21,37.958843
1.0182366,40.354168,22.958334,2026-01-22,37.957047
1.0182366,40.354168,22.958334,2026-01-23,37.959534
1.0182366,40.354168,22.958334,2026-01-24,37.967644
1.0182366,40.354168,22.958334,2026-01-25,37.97739
1.0182366,40.354168,22.958334,2026-01-26,37.886593
1.0182366,40.354168,22.958334,2026-01-27,37.84755
1.0182366,40.354168,22.958334,2026-01-28,38.00493
1.0182366,40.354168,22.958334,2026-01-29,38.013386
1.0182366,40.354168,22.958334,2026-01-30,38.01921
1.0182366,40.354168,22.958334,2026-01-31,38.02241
1.0182366,40.354168,22.958334,2026-02-01,37.84541
1.0182366,40.354168,22.958334,2026-02-02,37.96825
1.0182366,40.354168,22.958334,2026-02-03,37.989204
1.0182366,40.354168,22.958334,2026-02-04,37.9877
1.0182366,40.354168,22.958334,2026-02-05,37.98752
1.0182366,40.354168,22.958334,2026-02-06,37.984882
1.0182366,40.354168,22.958334,2026-02-07,37.992016
1.0182366,40.354168,22.958334,2026-02-08,37.991104
1.0182366,40.354168,22.958334,2026-02-09,38.01542
1.0182366,40.354168,23.0,2026-01-10,
1.0182366,40.354168,23.0,2026-01-11,
1.0182366,40.354168,23.0,2026-01-12,
1.0182366,40.354168,23.0,2026-01-13,
1.0182366,40.354168,23.0,2026-01-14,
1.0182366,40.354168,23.0,2026-01-15,
1.0182366,40.354168,23.0,2026-01-16,
1.0182366,40.354168,23.0,2026-01-17,
1.0182366,40.354168,23.0,2026-01-18,
1.0182366,40.354168,23.0,2026-01-19,
1.0182366,40.354168,23.0,2026-01-20,
1.0182366,40.354168,23.0,2026-01-21,
1.0182366,40.354168,23.0,2026-01-22,
1.0182366,40.354168,23.0,2026-01-23,
1.0182366,40.354168,23.0,2026-01-24,
1.0182366,40.354168,23.0,2026-01-25,
1.0182366,40.354168,23.0,2026-01-26,
1.0182366,40.354168,23.0,2026-01-27,
1.0182366,40.354168,23.0,2026-01-28,
1.0182366,40.354168,23.0,2026-01-29,
1.0182366,40.354168,23.0,2026-01-30,
1.0182366,40.354168,23.0,2026-01-31,
1.0182366,40.354168,23.0,2026-02-01,
1.0182366,40.354168,23.0,2026-02-02,
1.0182366,40.354168,23.0,2026-02-03,
1.0182366,40.354168,23.0,2026-02-04,
1.0182366,40.354168,23.0,2026-02-05,
1.0182366,40.354168,23.0,2026-02-06,
1.0182366,40.354168,23.0,2026-02-07,
1.0182366,40.354168,23.0,2026-02-08,
1.0182366,40.354168,23.0,2026-02-09,
1.0182366,40.395832,22.5,2026-01-10,
1.0182366,40.395832,22.5,2026-01-11,
1.0182366,40.395832,22.5,2026-01-12,
1.0182366,40.395832,22.5,2026-01-13,
1.0182366,40.395832,22.5,2026-01-14,
1.0182366,40.395832,22.5,2026-01-15,
1.0182366,40.395832,22.5,2026-01-16,
1.0182366,40.395832,22.5,2026-01-17,
1.0182366,40.395832,22.5,2026-01-18,
1.0182366,40.395832,22.5,2026-01-19,
1.0182366,40.395832,22.5,2026-01-20,
1.0182366,40.395832,22.5,2026-01-21,
1.0182366,40.395832,22.5,2026-01-22,
1.0182366,40.395832,22.5,2026-01-23,
1.0182366,40.395832,22.5,2026-01-24,
1.0182366,40.395832,22.5,2026-01-25,
1.0182366,40.395832,22.5,2026-01-26,
1.0182366,40.395832,22.5,2026-01-27,
1.0182366,40.395832,22.5,2026-01-28,
1.0182366,40.395832,22.5,2026-01-29,
1.0182366,40.395832,22.5,2026-01-30,
1.0182366,40.395832,22.5,2026-01-31,
1.0182366,40.395832,22.5,2026-02-01,
1.0182366,40.395832,22.5,2026-02-02,
1.0182366,40.395832,22.5,2026-02-03,
1.0182366,40.395832,22.5,2026-02-04,
1.0182366,40.395832,22.5,2026-02-05,
1.0182366,40.395832,22.5,2026-02-06,
1.0182366,40.395832,22.5,2026-02-07,
1.0182366,40.395832,22.5,2026-02-08,
1.0182366,40.395832,22.5,2026-02-09,
1.0182366,40.395832,22.541666,2026-01-10,
1.0182366,40.395832,22.541666,2026-01-11,
1.0182366,40.395832,22.541666,2026-01-12,
1.0182366,40.395832,22.541666,2026-01-13,
1.0182366,40.395832,22.541666,2026-01-14,
1.0182366,40.395832,22.541666,2026-01-15,
1.0182366,40.395832,22.541666,2026-01-16,
1.0182366,40.395832,22.541666,2026-01-17,
1.0182366,40.395832,22.541666,2026-01-18,
1.0182366,40.395832,22.541666,2026-01-19,
1.0182366,40.395832,22.541666,2026-01-20,
1.0182366,40.395832,22.541666,2026-01-21,
1.0182366,40.395832,22.541666,2026-01-22,
1.0182366,40.395832,22.541666,2026-01-23,
1.0182366,40.395832,22.541666,2026-01-24,
1.0182366,40.395832,22.541666,2026-01-25,
1.0182366,40.395832,22.541666,2026-01-26,
1.0182366,40.395832,22.541666,2026-01-27,
1.0182366,40.395832,22.541666,2026-01-28,
1.0182366,40.395832,22.541666,2026-01-29,
1.0182366,40.395832,22.541666,2026-01-30,
1.0182366,40.395832,22.541666,2026-01-31,
1.0182366,40.395832,22.541666,2026-02-01,
1.0182366,40.395832,22.541666,2026-02-02,
1.0182366,40.395832,22.541666,2026-02-03,
1.0182366,40.395832,22.541666,2026-02-04,
1.0182366,40.395832,22.541666,2026-02-05,
1.0182366,40.395832,22.541666,2026-02-06,
1.0182366,40.395832,22.541666,2026-02-07,
1.0182366,40.395832,22.541666,2026-02-08,
1.0182366,40.395832,22.541666,2026-02-09,
1.0182366,40.395832,22.583334,2026-01-10,
1.0182366,40.395832,22.583334,2026-01-11,
1.0182366,40.395832,22.583334,2026-01-12,
1.0182366,40.395832,22.583334,2026-01-13,
1.0182366,40.395832,22.583334,2026-01-14,
1.0182366,40.395832,22.583334,2026-01-15,
1.0182366,40.395832,22.583334,2026-01-16,
1.0182366,40.395832,22.583334,2026-01-17,
1.0182366,40.395832,22.583334,2026-01-18,
1.0182366,40.395832,22.583334,2026-01-19,
1.0182366,40.395832,22.583334,2026-01-20,
1.0182366,40.395832,22.583334,2026-01-21,
1.0182366,40.395832,22.583334,2026-01-22,
1.0182366,40.395832,22.583334,2026-01-23,
1.0182366,40.395832,22.583334,2026-01-24,
1.0182366,40.395832,22.583334,2026-01-25,
1.0182366,40.395832,22.583334,2026-01-26,
1.0182366,40.395832,22.583334,2026-01-27,
1.0182366,40.395832,22.583334,2026-01-28,
1.0182366,40.395832,22.583334,2026-01-29,
1.0182366,40.395832,22.583334,2026-01-30,
1.0182366,40.395832,22.583334,2026-01-31,
1.0182366,40.395832,22.583334,2026-02-01,
1.0182366,40.395832,22.583334,2026-02-02,
1.0182366,40.395832,22.583334,2026-02-03,
1.0182366,40.395832,22.583334,2026-02-04,
1.0182366,40.395832,22.583334,2026-02-05,
1.0182366,40.395832,22.583334,2026-02-06,
1.0182366,40.395832,22.583334,2026-02-07,
1.0182366,40.395832,22.583334,2026-02-08,
1.0182366,40.395832,22.583334,2026-02-09,
1.0182366,40.395832,22.625,2026-01-10,35.25866
1.0182366,40.395832,22.625,2026-01-11,35.252655
1.0182366,40.395832,22.625,2026-01-12,36.418823
1.0182366,40.395832,22.625,2026-01-13,36.562637
1.0182366,40.395832,22.625,2026-01-14,36.19618
1.0182366,40.395832,22.625,2026-01-15,35.723354
1.0182366,40.395832,22.625,2026-01-16,35.648006
1.0182366,40.395832,22.625,2026-01-17,35.831554
1.0182366,40.395832,22.625,2026-01-18,36.088783
1.0182366,40.395832,22.625,2026-01-19,36.33037
1.0182366,40.395832,22.625,2026-01-20,36.07225
1.0182366,40.395832,22.625,2026-01-21,35.464096
1.0182366,40.395832,22.625,2026-01-22,36.117577
1.0182366,40.395832,22.625,2026-01-23,36.56106
1.0182366,40.395832,22.625,2026-01-24,36.75255
1.0182366,40.395832,22.625,2026-01-25,36.818638
1.0182366,40.395832,22.625,2026-01-26,36.74771
1.0182366,40.395832,22.625,2026-01-27,35.558273
1.0182366,40.395832,22.625,2026-01-28,34.80716
1.0182366,40.395832,22.625,2026-01-29,34.439144
1.0182366,40.395832,22.625,2026-01-30,33.857956
1.0182366,40.395832,22.625,2026-01-31,33.985554
1.0182366,40.395832,22.625,2026-02-01,33.950832
1.0182366,40.395832,22.625,2026-02-02,33.033516
1.0182366,40.395832,22.625,2026-02-03,33.572216
1.0182366,40.395832,22.625,2026-02-04,33.874214
1.0182366,40.395832,22.625,2026-02-05,34.06442
1.0182366,40.395832,22.625,2026-02-06,33.892998
1.0182366,40.395832,22.625,2026-02-07,33.36114
1.0182366,40.395832,22.625,2026-02-08,33.460407
1.0182366,40.395832,22.625,2026-02-09,33.4179
1.0182366,40.395832,22.666666,2026-01-10,35.721104
1.0182366,40.395832,22.666666,2026-01-11,35.677143
1.0182366,40.395832,22.666666,2026-01-12,36.69142
1.0182366,40.395832,22.666666,2026-01-13,36.34186
1.0182366,40.395832,22.666666,2026-01-14,35.74548
1.0182366,40.395832,22.666666,2026-01-15,35.507713
1.0182366,40.395832,22.666666,2026-01-16,35.343285
1.0182366,40.395832,22.666666,2026-01-17,35.77034
1.0182366,40.395832,22.666666,2026-01-18,36.061493
1.0182366,40.395832,22.666666,2026-01-19,36.585827
1.0182366,40.395832,22.666666,2026-01-20,36.42747
1.0182366,40.395832,22.666666,2026-01-21,35.798054
1.0182366,40.395832,22.666666,2026-01-22,36.776573
1.0182366,40.395832,22.666666,2026-01-23,37.15843
1.0182366,40.395832,22.666666,2026-01-24,37.089355
1.0182366,40.395832,22.666666,2026-01-25,36.837997
1.0182366,40.395832,22.666666,2026-01-26,36.714943
1.0182366,40.395832,22.666666,2026-01-27,35.20954
1.0182366,40.395832,22.666666,2026-01-28,35.125786
1.0182366,40.395832,22.666666,2026-01-29,34.11555
1.0182366,40.395832,22.666666,2026-01-30,33.83971
1.0182366,40.395832,22.666666,2026-01-31,33.73869
1.0182366,40.395832,22.666666,2026-02-01,33.987144
1.0182366,40.395832,22.666666,2026-02-02,33.21272
1.0182366,40.395832,22.666666,2026-02-03,33.70841
1.0182366,40.395832,22.666666,2026-02-04,33.414986
1.0182366,40.395832,22.666666,2026-02-05,33.65481
1.0182366,40.395832,22.666666,2026-02-06,33.44052
1.0182366,40.395832,22.666666,2026-02-07,33.090828
1.0182366,40.395832,22.666666,2026-02-08,32.76398
1.0182366,40.395832,22.666666,2026-02-09,32.414696
1.0182366,40.395832,22.708334,2026-01-10,36.635384
1.0182366,40.395832,22.708334,2026-01-11,36.35534
1.0182366,40.395832,22.708334,2026-01-12,37.075245
1.0182366,40.395832,22.708334,2026-01-13,36.995743
1.0182366,40.395832,22.708334,2026-01-14,36.086525
1.0182366,40.395832,22.708334,2026-01-15,35.685005
1.0182366,40.395832,22.708334,2026-01-16,35.0907
1.0182366,40.395832,22.708334,2026-01-17,35.645428
1.0182366,40.395832,22.708334,2026-01-18,35.82196
1.0182366,40.395832,22.708334,2026-01-19,36.635555
1.0182366,40.395832,22.708334,2026-01-20,36.788902
1.0182366,40.395832,22.708334,2026-01-21,36.223396
1.0182366,40.395832,22.708334,2026-01-22,37.220833
1.0182366,40.395832,22.708334,2026-01-23,37.47703
1.0182366,40.395832,22.708334,2026-01-24,37.312553
1.0182366,40.395832,22.708334,2026-01-25,36.992546
1.0182366,40.395832,22.708334,2026-01-26,36.952316
1.0182366,40.395832,22.708334,2026-01-27,35.648083
1.0182366,40.395832,22.708334,2026-01-28,35.71509
1.0182366,40.395832,22.708334,2026-01-29,34.29876
1.0182366,40.395832,22.708334,2026-01-30,34.4752
1.0182366,40.395832,22.708334,2026-01-31,33.578045
1.0182366,40.395832,22.708334,2026-02-01,34.307724
1.0182366,40.395832,22.708334,2026-02-02,33.945164
1.0182366,40.395832,22.708334,2026-02-03,33.532055
1.0182366,40.395832,22.708334,2026-02-04,32.738323
1.0182366,40.395832,22.708334,2026-02-05,33.331676
1.0182366,40.395832,22.708334,2026-02-06,32.9818
1.0182366,40.395832,22.708334,2026-02-07,32.78461
1.0182366,40.395832,22.708334,2026-02-08,31.871927
1.0182366,40.395832,22.708334,2026-02-09,31.37408
1.0182366,40.395832,22.75,2026-01-10,37.701515
1.0182366,40.395832,22.75,2026-01-11,37.24672
1.0182366,40.395832,22.75,2026-01-12,37.930557
1.0182366,40.395832,22.75,2026-01-13,37.99554
1.0182366,40.395832,22.75,2026-01-14,37.660603
1.0182366,40.395832,22.75,2026-01-15,36.78247
1.0182366,40.395832,22.75,2026-01-16,36.181686
1.0182366,40.395832,22.75,2026-01-17,36.077293
1.0182366,40.395832,22.75,2026-01-18,35.675198
1.0182366,40.395832,22.75,2026-01-19,36.52435
1.0182366,40.395832,22.75,2026-01-20,36.88452
1.0182366,40.395832,22.75,2026-01-21,36.690525
1.0182366,40.395832,22.75,2026-01-22,37.463646
1.0182366,40.395832,22.75,2026-01-23,37.719933
1.0182366,40.395832,22.75,2026-01-24,37.831257
1.0182366,40.395832,22.75,2026-01-25,37.68436
1.0182366,40.395832,22.75,2026-01-26,37.642044
1.0182366,40.395832,22.75,2026-01-27,37.16823
1.0182366,40.395832,22.75,2026-01-28,36.84867
1.0182366,40.395832,22.75,2026-01-29,35.69653
1.0182366,40.395832,22.75,2026-01-30,35.917637
1.0182366,40.395832,22.75,2026-01-31,35.041367
1.0182366,40.395832,22.75,2026-02-01,35.575405
1.0182366,40.395832,22.75,2026-02-02,35.53451
1.0182366,40.395832,22.75,2026-02-03,34.333244
1.0182366,40.395832,22.75,2026-02-04,33.221092
1.0182366,40.395832,22.75,2026-02-05,34.244576
1.0182366,40.395832,22.75,2026-02-06,34.253532
1.0182366,40.395832,22.75,2026-02-07,34.054382
1.0182366,40.395832,22.75,2026-02-08,32.345528
1.0182366,40.395832,22.75,2026-02-09,32.227768
1.0182366,40.395832,22.791666,2026-01-10,37.832333
1.0182366,40.395832,22.791666,2026-01-11,37.667774
1.0182366,40.395832,22.791666,2026-01-12,37.89118
1.0182366,40.395832,22.791666,2026-01-13,37.935234
1.0182366,40.395832,22.791666,2026-01-14,37.901455
1.0182366,40.395832,22.791666,2026-01-15,37.787365
1.0182366,40.395832,22.791666,2026-01-16,37.26312
1.0182366,40.395832,22.791666,2026-01-17,36.770245
1.0182366,40.395832,22.791666,2026-01-18,36.19416
1.0182366,40.395832,22.791666,2026-01-19,36.628784
1.0182366,40.395832,22.791666,2026-01-20,36.90626
1.0182366,40.395832,22.791666,2026-01-21,37.00267
1.0182366,40.395832,22.791666,2026-01-22,37.600677
1.0182366,40.395832,22.791666,2026-01-23,37.859776
1.0182366,40.395832,22.791666,2026-01-24,37.98545
1.0182366,40.395832,22.791666,2026-01-25,38.028778
1.0182366,40.395832,22.791666,2026-01-26,38.023907
1.0182366,40.395832,22.791666,2026-01-27,37.861298
1.0182366,40.395832,22.791666,2026-01-28,37.807617
1.0182366,40.395832,22.791666,2026-01-29,37.201595
1.0182366,40.395832,22.791666,2026-01-30,37.412018
1.0182366,40.395832,22.791666,2026-01-31,36.748302
1.0182366,40.395832,22.791666,2026-02-01,36.922543
1.0182366,40.395832,22.791666,2026-02-02,36.96543
1.0182366,40.395832,22.791666,2026-02-03,35.684284
1.0182366,40.395832,22.791666,2026-02-04,34.728317
1.0182366,40.395832,22.791666,2026-02-05,35.7251
1.0182366,40.395832,22.791666,2026-02-06,35.794018
1.0182366,40.395832,22.791666,2026-02-07,35.632904
1.0182366,40.395832,22.791666,2026-02-08,34.282333
1.0182366,40.395832,22.791666,2026-02-09,34.39719
1.0182366,40.395832,22.833334,2026-01-10,37.9108
1.0182366,40.395832,22.833334,2026-01-11,37.86733
1.0182366,40.395832,22.833334,2026-01-12,37.854877
1.0182366,40.395832,22.833334,2026-01-13,37.845055
1.0182366,40.395832,22.833334,2026-01-14,37.866596
1.0182366,40.395832,22.833334,2026-01-15,37.874516
1.0182366,40.395832,22.833334,2026-01-16,37.878548
1.0182366,40.395832,22.833334,2026-01-17,37.72254
1.0182366,40.395832,22.833334,2026-01-18,36.97518
1.0182366,40.395832,22.833334,2026-01-19,36.93564
1.0182366,40.395832,22.833334,2026-01-20,37.1934
1.0182366,40.395832,22.833334,2026-01-21,37.445614
1.0182366,40.395832,22.833334,2026-01-22,37.841427
1.0182366,40.395832,22.833334,2026-01-23,37.94397
1.0182366,40.395832,22.833334,2026-01-24,38.015533
1.0182366,40.395832,22.833334,2026-01-25,38.021595
1.0182366,40.395832,22.833334,2026-01-26,37.995712
1.0182366,40.395832,22.833334,2026-01-27,38.012207
1.0182366,40.395832,22.833334,2026-01-28,38.035408
1.0182366,40.395832,22.833334,2026-01-29,38.038002
1.0182366,40.395832,22.833334,2026-01-30,38.012337
1.0182366,40.395832,22.833334,2026-01-31,37.843422
1.0182366,40.395832,22.833334,2026-02-01,37.746315
1.0182366,40.395832,22.833334,2026-02-02,37.924866
1.0182366,40.395832,22.833334,2026-02-03,37.178024
1.0182366,40.395832,22.833334,2026-02-04,36.412884
1.0182366,40.395832,22.833334,2026-02-05,36.868114
1.0182366,40.395832,22.833334,2026-02-06,36.82517
1.0182366,40.395832,22.833334,2026-02-07,36.823044
1.0182366,40.395832,22.833334,2026-02-08,36.195602
1.0182366,40.395832,22.833334,2026-02-09,36.511055
1.0182366,40.395832,22.875,2026-01-10,37.938305
1.0182366,40.395832,22.875,2026-01-11,37.94086
1.0182366,40.395832,22.875,2026-01-12,37.874393
1.0182366,40.395832,22.875,2026-01-13,37.852077
1.0182366,40.395832,22.875,2026-01-14,37.84916
1.0182366,40.395832,22.875,2026-01-15,37.85571
1.0182366,40.395832,22.875,2026-01-16,37.865643
1.0182366,40.395832,22.875,2026-01-17,37.8746
1.0182366,40.395832,22.875,2026-01-18,37.845646
1.0182366,40.395832,22.875,2026-01-19,37.72205
1.0182366,40.395832,22.875,2026-01-20,37.73696
1.0182366,40.395832,22.875,2026-01-21,37.82806
1.0182366,40.395832,22.875,2026-01-22,37.868565
1.0182366,40.395832,22.875,2026-01-23,37.903343
1.0182366,40.395832,22.875,2026-01-24,37.936974
1.0182366,40.395832,22.875,2026-01-25,37.964455
1.0182366,40.395832,22.875,2026-01-26,37.91065
1.0182366,40.395832,22.875,2026-01-27,37.878162
1.0182366,40.395832,22.875,2026-01-28,38.004078
1.0182366,40.395832,22.875,2026-01-29,38.01901
1.0182366,40.395832,22.875,2026-01-30,38.02707
1.0182366,40.395832,22.875,2026-01-31,38.034683
1.0182366,40.395832,22.875,2026-02-01,37.88085
1.0182366,40.395832,22.875,2026-02-02,38.03525
1.0182366,40.395832,22.875,2026-02-03,38.05001
1.0182366,40.395832,22.875,2026-02-04,37.74261
1.0182366,40.395832,22.875,2026-02-05,37.374187
1.0182366,40.395832,22.875,2026-02-06,37.512775
1.0182366,40.395832,22.875,2026-02-07,37.68669
1.0182366,40.395832,22.875,2026-02-08,37.4264
1.0182366,40.395832,22.875,2026-02-09,37.63264
1.0182366,40.395832,22.916666,2026-01-10,
1.0182366,40.395832,22.916666,2026-01-11,
1.0182366,40.395832,22.916666,2026-01-12,
1.0182366,40.395832,22.916666,2026-01-13,
1.0182366,40.395832,22.916666,2026-01-14,
1.0182366,40.395832,22.916666,2026-01-15,
1.0182366,40.395832,22.916666,2026-01-16,
1.0182366,40.395832,22.916666,2026-01-17,
1.0182366,40.395832,22.916666,2026-01-18,
1.0182366,40.395832,22.916666,2026-01-19,
1.0182366,40.395832,22.916666,2026-01-20,
1.0182366,40.395832,22.916666,2026-01-21,
1.0182366,40.395832,22.916666,2026-01-22,
1.0182366,40.395832,22.916666,2026-01-23,
1.0182366,40.395832,22.916666,2026-01-24,
1.0182366,40.395832,22.916666,2026-01-25,
1.0182366,40.395832,22.916666,2026-01-26,
1.0182366,40.395832,22.916666,2026-01-27,
1.0182366,40.395832,22.916666,2026-01-28,
1.0182366,40.395832,22.916666,2026-01-29,
1.0182366,40.395832,22.916666,2026-01-30,
1.0182366,40.395832,22.916666,2026-01-31,
1.0182366,40.395832,22.916666,2026-02-01,
1.0182366,40.395832,22.916666,2026-02-02,
1.0182366,40.395832,22.916666,2026-02-03,
1.0182366,40.395832,22.916666,2026-02-04,
1.0182366,40.395832,22.916666,2026-02-05,
1.0182366,40.395832,22.916666,2026-02-06,
1.0182366,40.395832,22.916666,2026-02-07,
1.0182366,40.395832,22.916666,2026-02-08,
1.0182366,40.395832,22.916666,2026-02-09,
1.0182366,40.395832,22.958334,2026-01-10,
1.0182366,40.395832,22.958334,2026-01-11,
1.0182366,40.395832,22.958334,2026-01-12,
1.0182366,40.395832,22.958334,2026-01-13,
1.0182366,40.395832,22.958334,2026-01-14,
1.0182366,40.395832,22.958334,2026-01-15,
1.0182366,40.395832,22.958334,2026-01-16,
1.0182366,40.395832,22.958334,2026-01-17,
1.0182366,40.395832,22.958334,2026-01-18,
1.0182366,40.395832,22.958334,2026-01-19,
1.0182366,40.395832,22.958334,2026-01-20,
1.0182366,40.395832,22.958334,2026-01-21,
1.0182366,40.395832,22.958334,2026-01-22,
1.0182366,40.395832,22.958334,2026-01-23,
1.0182366,40.395832,22.958334,2026-01-24,
1.0182366,40.395832,22.958334,2026-01-25,
1.0182366,40.395832,22.958334,2026-01-26,
1.0182366,40.395832,22.958334,2026-01-27,
1.0182366,40.395832,22.958334,2026-01-28,
1.0182366,40.395832,22.958334,2026-01-29,
1.0182366,40.395832,22.958334,2026-01-30,
1.0182366,40.395832,22.958334,2026-01-31,
1.0182366,40.395832,22.958334,2026-02-01,
1.0182366,40.395832,22.958334,2026-02-02,
1.0182366,40.395832,22.958334,2026-02-03,
1.0182366,40.395832,22.958334,2026-02-04,
1.0182366,40.395832,22.958334,2026-02-05,
1.0182366,40.395832,22.958334,2026-02-06,
1.0182366,40.395832,22.958334,2026-02-07,
1.0182366,40.395832,22.958334,2026-02-08,
1.0182366,40.395832,22.958334,2026-02-09,
1.0182366,40.395832,23.0,2026-01-10,
1.0182366,40.395832,23.0,2026-01-11,
1.0182366,40.395832,23.0,2026-01-12,
1.0182366,40.395832,23.0,2026-01-13,
1.0182366,40.395832,23.0,2026-01-14,
1.0182366,40.395832,23.0,2026-01-15,
1.0182366,40.395832,23.0,2026-01-16,
1.0182366,40.395832,23.0,2026-01-17,
1.0182366,40.395832,23.0,2026-01-18,
1.0182366,40.395832,23.0,2026-01-19,
1.0182366,40.395832,23.0,2026-01-20,
1.0182366,40.395832,23.0,2026-01-21,
1.0182366,40.395832,23.0,2026-01-22,
1.0182366,40.395832,23.0,2026-01-23,
1.0182366,40.395832,23.0,2026-01-24,
1.0182366,40.395832,23.0,2026-01-25,
1.0182366,40.395832,23.0,2026-01-26,
1.0182366,40.395832,23.0,2026-01-27,
1.0182366,40.395832,23.0,2026-01-28,
1.0182366,40.395832,23.0,2026-01-29,
1.0182366,40.395832,23.0,2026-01-30,
1.0182366,40.395832,23.0,2026-01-31,
1.0182366,40.395832,23.0,2026-02-01,
1.0182366,40.395832,23.0,2026-02-02,
1.0182366,40.395832,23.0,2026-02-03,
1.0182366,40.395832,23.0,2026-02-04,
1.0182366,40.395832,23.0,2026-02-05,
1.0182366,40.395832,23.0,2026-02-06,
1.0182366,40.395832,23.0,2026-02-07,
1.0182366,40.395832,23.0,2026-02-08,
1.0182366,40.395832,23.0,2026-02-09,
1.0182366,40.4375,22.5,2026-01-10,
1.0182366,40.4375,22.5,2026-01-11,
1.0182366,40.4375,22.5,2026-01-12,
1.0182366,40.4375,22.5,2026-01-13,
1.0182366,40.4375,22.5,2026-01-14,
1.0182366,40.4375,22.5,2026-01-15,
1.0182366,40.4375,22.5,2026-01-16,
1.0182366,40.4375,22.5,2026-01-17,
1.0182366,40.4375,22.5,2026-01-18,
1.0182366,40.4375,22.5,2026-01-19,
1.0182366,40.4375,22.5,2026-01-20,
1.0182366,40.4375,22.5,2026-01-21,
1.0182366,40.4375,22.5,2026-01-22,
1.0182366,40.4375,22.5,2026-01-23,
1.0182366,40.4375,22.5,2026-01-24,
1.0182366,40.4375,22.5,2026-01-25,
1.0182366,40.4375,22.5,2026-01-26,
1.0182366,40.4375,22.5,2026-01-27,
1.0182366,40.4375,22.5,2026-01-28,
1.0182366,40.4375,22.5,2026-01-29,
1.0182366,40.4375,22.5,2026-01-30,
1.0182366,40.4375,22.5,2026-01-31,
1.0182366,40.4375,22.5,2026-02-01,
1.0182366,40.4375,22.5,2026-02-02,
1.0182366,40.4375,22.5,2026-02-03,
1.0182366,40.4375,22.5,2026-02-04,
1.0182366,40.4375,22.5,2026-02-05,
1.0182366,40.4375,22.5,2026-02-06,
1.0182366,40.4375,22.5,2026-02-07,
1.0182366,40.4375,22.5,2026-02-08,
1.0182366,40.4375,22.5,2026-02-09,
1.0182366,40.4375,22.541666,2026-01-10,
1.0182366,40.4375,22.541666,2026-01-11,
1.0182366,40.4375,22.541666,2026-01-12,
1.0182366,40.4375,22.541666,2026-01-13,
1.0182366,40.4375,22.541666,2026-01-14,
1.0182366,40.4375,22.541666,2026-01-15,
1.0182366,40.4375,22.541666,2026-01-16,
1.0182366,40.4375,22.541666,2026-01-17,
1.0182366,40.4375,22.541666,2026-01-18,
1.0182366,40.4375,22.541666,2026-01-19,
1.0182366,40.4375,22.541666,2026-01-20,
1.0182366,40.4375,22.541666,2026-01-21,
1.0182366,40.4375,22.541666,2026-01-22,
1.0182366,40.4375,22.541666,2026-01-23,
1.0182366,40.4375,22.541666,2026-01-24,
1.0182366,40.4375,22.541666,2026-01-25,
1.0182366,40.4375,22.541666,2026-01-26,
1.0182366,40.4375,22.541666,2026-01-27,
1.0182366,40.4375,22.541666,2026-01-28,
1.0182366,40.4375,22.541666,2026-01-29,
1.0182366,40.4375,22.541666,2026-01-30,
1.0182366,40.4375,22.541666,2026-01-31,
1.0182366,40.4375,22.541666,2026-02-01,
1.0182366,40.4375,22.541666,2026-02-02,
1.0182366,40.4375,22.541666,2026-02-03,
1.0182366,40.4375,22.541666,2026-02-04,
1.0182366,40.4375,22.541666,2026-02-05,
1.0182366,40.4375,22.541666,2026-02-06,
1.0182366,40.4375,22.541666,2026-02-07,
1.0182366,40.4375,22.541666,2026-02-08,
1.0182366,40.4375,22.541666,2026-02-09,
1.0182366,40.4375,22.583334,2026-01-10,
1.0182366,40.4375,22.583334,2026-01-11,
1.0182366,40.4375,22.583334,2026-01-12,
1.0182366,40.4375,22.583334,2026-01-13,
1.0182366,40.4375,22.583334,2026-01-14,
1.0182366,40.4375,22.583334,2026-01-15,
1.0182366,40.4375,22.583334,2026-01-16,
1.0182366,40.4375,22.583334,2026-01-17,
1.0182366,40.4375,22.583334,2026-01-18,
1.0182366,40.4375,22.583334,2026-01-19,
1.0182366,40.4375,22.583334,2026-01-20,
1.0182366,40.4375,22.583334,2026-01-21,
1.0182366,40.4375,22.583334,2026-01-22,
1.0182366,40.4375,22.583334,2026-01-23,
1.0182366,40.4375,22.583334,2026-01-24,
1.0182366,40.4375,22.583334,2026-01-25,
1.0182366,40.4375,22.583334,2026-01-26,
1.0182366,40.4375,22.583334,2026-01-27,
1.0182366,40.4375,22.583334,2026-01-28,
1.0182366,40.4375,22.583334,2026-01-29,
1.0182366,40.4375,22.583334,2026-01-30,
1.0182366,40.4375,22.583334,2026-01-31,
1.0182366,40.4375,22.583334,2026-02-01,
1.0182366,40.4375,22.583334,2026-02-02,
1.0182366,40.4375,22.583334,2026-02-03,
1.0182366,40.4375,22.583334,2026-02-04,
1.0182366,40.4375,22.583334,2026-02-05,
1.0182366,40.4375,22.583334,2026-02-06,
1.0182366,40.4375,22.583334,2026-02-07,
1.0182366,40.4375,22.583334,2026-02-08,
1.0182366,40.4375,22.583334,2026-02-09,
1.0182366,40.4375,22.625,2026-01-10,34.54734
1.0182366,40.4375,22.625,2026-01-11,34.79081
1.0182366,40.4375,22.625,2026-01-12,36.177895
1.0182366,40.4375,22.625,2026-01-13,36.350784
1.0182366,40.4375,22.625,2026-01-14,35.74432
1.0182366,40.4375,22.625,2026-01-15,35.530945
1.0182366,40.4375,22.625,2026-01-16,35.660976
1.0182366,40.4375,22.625,2026-01-17,35.589848
1.0182366,40.4375,22.625,2026-01-18,35.731934
1.0182366,40.4375,22.625,2026-01-19,35.882706
1.0182366,40.4375,22.625,2026-01-20,35.302853
1.0182366,40.4375,22.625,2026-01-21,35.117733
1.0182366,40.4375,22.625,2026-01-22,35.97491
1.0182366,40.4375,22.625,2026-01-23,36.476902
1.0182366,40.4375,22.625,2026-01-24,36.671505
1.0182366,40.4375,22.625,2026-01-25,36.554516
1.0182366,40.4375,22.625,2026-01-26,36.397423
1.0182366,40.4375,22.625,2026-01-27,35.051807
1.0182366,40.4375,22.625,2026-01-28,34.570896
1.0182366,40.4375,22.625,2026-01-29,34.21887
1.0182366,40.4375,22.625,2026-01-30,33.7816
1.0182366,40.4375,22.625,2026-01-31,33.948467
1.0182366,40.4375,22.625,2026-02-01,33.349033
1.0182366,40.4375,22.625,2026-02-02,33.009327
1.0182366,40.4375,22.625,2026-02-03,33.42751
1.0182366,40.4375,22.625,2026-02-04,33.98798
1.0182366,40.4375,22.625,2026-02-05,34.12206
1.0182366,40.4375,22.625,2026-02-06,33.48967
1.0182366,40.4375,22.625,2026-02-07,32.956974
1.0182366,40.4375,22.625,2026-02-08,33.329315
1.0182366,40.4375,22.625,2026-02-09,33.50902
1.0182366,40.4375,22.666666,2026-01-10,34.016075
1.0182366,40.4375,22.666666,2026-01-11,34.870613
1.0182366,40.4375,22.666666,2026-01-12,36.24952
1.0182366,40.4375,22.666666,2026-01-13,35.68922
1.0182366,40.4375,22.666666,2026-01-14,35.04949
1.0182366,40.4375,22.666666,2026-01-15,34.87011
1.0182366,40.4375,22.666666,2026-01-16,34.924633
1.0182366,40.4375,22.666666,2026-01-17,35.2477
1.0182366,40.4375,22.666666,2026-01-18,35.238647
1.0182366,40.4375,22.666666,2026-01-19,35.66337
1.0182366,40.4375,22.666666,2026-01-20,34.849136
1.0182366,40.4375,22.666666,2026-01-21,35.289997
1.0182366,40.4375,22.666666,2026-01-22,36.87056
1.0182366,40.4375,22.666666,2026-01-23,36.761578
1.0182366,40.4375,22.666666,2026-01-24,36.391727
1.0182366,40.4375,22.666666,2026-01-25,36.151882
1.0182366,40.4375,22.666666,2026-01-26,36.03106
1.0182366,40.4375,22.666666,2026-01-27,34.122482
1.0182366,40.4375,22.666666,2026-01-28,34.111515
1.0182366,40.4375,22.666666,2026-01-29,33.15145
1.0182366,40.4375,22.666666,2026-01-30,33.116547
1.0182366,40.4375,22.666666,2026-01-31,33.186676
1.0182366,40.4375,22.666666,2026-02-01,32.637283
1.0182366,40.4375,22.666666,2026-02-02,32.79885
1.0182366,40.4375,22.666666,2026-02-03,32.99961
1.0182366,40.4375,22.666666,2026-02-04,33.23548
1.0182366,40.4375,22.666666,2026-02-05,33.22757
1.0182366,40.4375,22.666666,2026-02-06,32.09151
1.0182366,40.4375,22.666666,2026-02-07,32.021454
1.0182366,40.4375,22.666666,2026-02-08,32.386158
1.0182366,40.4375,22.666666,2026-02-09,32.40513
1.0182366,40.4375,22.708334,2026-01-10,34.123394
1.0182366,40.4375,22.708334,2026-01-11,34.507793
1.0182366,40.4375,22.708334,2026-01-12,35.628445
1.0182366,40.4375,22.708334,2026-01-13,35.449654
1.0182366,40.4375,22.708334,2026-01-14,34.6464
1.0182366,40.4375,22.708334,2026-01-15,34.329742
1.0182366,40.4375,22.708334,2026-01-16,34.237324
1.0182366,40.4375,22.708334,2026-01-17,34.43505
1.0182366,40.4375,22.708334,2026-01-18,34.481224
1.0182366,40.4375,22.708334,2026-01-19,35.34998
1.0182366,40.4375,22.708334,2026-01-20,34.896275
1.0182366,40.4375,22.708334,2026-01-21,35.22881
1.0182366,40.4375,22.708334,2026-01-22,36.83831
1.0182366,40.4375,22.708334,2026-01-23,36.436348
1.0182366,40.4375,22.708334,2026-01-24,36.267105
1.0182366,40.4375,22.708334,2026-01-25,35.91912
1.0182366,40.4375,22.708334,2026-01-26,35.91035
1.0182366,40.4375,22.708334,2026-01-27,33.86906
1.0182366,40.4375,22.708334,2026-01-28,33.461586
1.0182366,40.4375,22.708334,2026-01-29,32.61263
1.0182366,40.4375,22.708334,2026-01-30,32.621723
1.0182366,40.4375,22.708334,2026-01-31,32.36069
1.0182366,40.4375,22.708334,2026-02-01,31.975521
1.0182366,40.4375,22.708334,2026-02-02,32.35538
1.0182366,40.4375,22.708334,2026-02-03,31.85842
1.0182366,40.4375,22.708334,2026-02-04,31.95592
1.0182366,40.4375,22.708334,2026-02-05,32.09581
1.0182366,40.4375,22.708334,2026-02-06,30.978064
1.0182366,40.4375,22.708334,2026-02-07,30.643803
1.0182366,40.4375,22.708334,2026-02-08,30.428337
1.0182366,40.4375,22.708334,2026-02-09,30.45822
1.0182366,40.4375,22.75,2026-01-10,35.847897
1.0182366,40.4375,22.75,2026-01-11,36.233253
1.0182366,40.4375,22.75,2026-01-12,37.082943
1.0182366,40.4375,22.75,2026-01-13,36.870678
1.0182366,40.4375,22.75,2026-01-14,36.10625
1.0182366,40.4375,22.75,2026-01-15,35.710667
1.0182366,40.4375,22.75,2026-01-16,35.381256
1.0182366,40.4375,22.75,2026-01-17,34.762627
1.0182366,40.4375,22.75,2026-01-18,34.286903
1.0182366,40.4375,22.75,2026-01-19,35.02024
1.0182366,40.4375,22.75,2026-01-20,35.490654
1.0182366,40.4375,22.75,2026-01-21,35.894985
1.0182366,40.4375,22.75,2026-01-22,37.40284
1.0182366,40.4375,22.75,2026-01-23,37.18198
1.0182366,40.4375,22.75,2026-01-24,37.11044
1.0182366,40.4375,22.75,2026-01-25,36.88513
1.0182366,40.4375,22.75,2026-01-26,37.104313
1.0182366,40.4375,22.75,2026-01-27,36.16352
1.0182366,40.4375,22.75,2026-01-28,35.240105
1.0182366,40.4375,22.75,2026-01-29,34.335613
1.0182366,40.4375,22.75,2026-01-30,34.438404
1.0182366,40.4375,22.75,2026-01-31,33.62937
1.0182366,40.4375,22.75,2026-02-01,33.63734
1.0182366,40.4375,22.75,2026-02-02,34.02398
1.0182366,40.4375,22.75,2026-02-03,32.45583
1.0182366,40.4375,22.75,2026-02-04,32.647377
1.0182366,40.4375,22.75,2026-02-05,33.32261
1.0182366,40.4375,22.75,2026-02-06,32.693157
1.0182366,40.4375,22.75,2026-02-07,31.807272
1.0182366,40.4375,22.75,2026-02-08,31.350353
1.0182366,40.4375,22.75,2026-02-09,31.650612
1.0182366,40.4375,22.791666,2026-01-10,37.222576
1.0182366,40.4375,22.791666,2026-01-11,37.290592
1.0182366,40.4375,22.791666,2026-01-12,37.70914
1.0182366,40.4375,22.791666,2026-01-13,37.77865
1.0182366,40.4375,22.791666,2026-01-14,37.480247
1.0182366,40.4375,22.791666,2026-01-15,37.026943
1.0182366,40.4375,22.791666,2026-01-16,36.76531
1.0182366,40.4375,22.791666,2026-01-17,36.084534
1.0182366,40.4375,22.791666,2026-01-18,35.33385
1.0182366,40.4375,22.791666,2026-01-19,35.670277
1.0182366,40.4375,22.791666,2026-01-20,36.185043
1.0182366,40.4375,22.791666,2026-01-21,36.569595
1.0182366,40.4375,22.791666,2026-01-22,37.766396
1.0182366,40.4375,22.791666,2026-01-23,37.819397
1.0182366,40.4375,22.791666,2026-01-24,37.894203
1.0182366,40.4375,22.791666,2026-01-25,37.929504
1.0182366,40.4375,22.791666,2026-01-26,37.852474
1.0182366,40.4375,22.791666,2026-01-27,37.383587
1.0182366,40.4375,22.791666,2026-01-28,37.086514
1.0182366,40.4375,22.791666,2026-01-29,36.337887
1.0182366,40.4375,22.791666,2026-01-30,36.79314
1.0182366,40.4375,22.791666,2026-01-31,35.749283
1.0182366,40.4375,22.791666,2026-02-01,36.008682
1.0182366,40.4375,22.791666,2026-02-02,36.240955
1.0182366,40.4375,22.791666,2026-02-03,34.33758
1.0182366,40.4375,22.791666,2026-02-04,34.270885
1.0182366,40.4375,22.791666,2026-02-05,35.139496
1.0182366,40.4375,22.791666,2026-02-06,35.132984
1.0182366,40.4375,22.791666,2026-02-07,34.24277
1.0182366,40.4375,22.791666,2026-02-08,33.652367
1.0182366,40.4375,22.791666,2026-02-09,34.119724
1.0182366,40.4375,22.833334,2026-01-10,37.78314
1.0182366,40.4375,22.833334,2026-01-11,37.792866
1.0182366,40.4375,22.833334,2026-01-12,37.819847
1.0182366,40.4375,22.833334,2026-01-13,37.780613
1.0182366,40.4375,22.833334,2026-01-14,37.78341
1.0182366,40.4375,22.833334,2026-01-15,37.79374
1.0182366,40.4375,22.833334,2026-01-16,37.827473
1.0182366,40.4375,22.833334,2026-01-17,37.553207
1.0182366,40.4375,22.833334,2026-01-18,36.65617
1.0182366,40.4375,22.833334,2026-01-19,36.377136
1.0182366,40.4375,22.833334,2026-01-20,36.652905
1.0182366,40.4375,22.833334,2026-01-21,37.160496
1.0182366,40.4375,22.833334,2026-01-22,38.02356
1.0182366,40.4375,22.833334,2026-01-23,38.02873
1.0182366,40.4375,22.833334,2026-01-24,38.028755
1.0182366,40.4375,22.833334,2026-01-25,38.034008
1.0182366,40.4375,22.833334,2026-01-26,37.96814
1.0182366,40.4375,22.833334,2026-01-27,37.862526
1.0182366,40.4375,22.833334,2026-01-28,38.026108
1.0182366,40.4375,22.833334,2026-01-29,37.896114
1.0182366,40.4375,22.833334,2026-01-30,37.760857
1.0182366,40.4375,22.833334,2026-01-31,37.517788
1.0182366,40.4375,22.833334,2026-02-01,37.41197
1.0182366,40.4375,22.833334,2026-02-02,37.81054
1.0182366,40.4375,22.833334,2026-02-03,36.734974
1.0182366,40.4375,22.833334,2026-02-04,36.19095
1.0182366,40.4375,22.833334,2026-02-05,36.31666
1.0182366,40.4375,22.833334,2026-02-06,36.501842
1.0182366,40.4375,22.833334,2026-02-07,36.437595
1.0182366,40.4375,22.833334,2026-02-08,35.9685
1.0182366,40.4375,22.833334,2026-02-09,36.522633
1.0182366,40.4375,22.875,2026-01-10,
1.0182366,40.4375,22.875,2026-01-11,
1.0182366,40.4375,22.875,2026-01-12,
1.0182366,40.4375,22.875,2026-01-13,
1.0182366,40.4375,22.875,2026-01-14,
1.0182366,40.4375,22.875,2026-01-15,
1.0182366,40.4375,22.875,2026-01-16,
1.0182366,40.4375,22.875,2026-01-17,
1.0182366,40.4375,22.875,2026-01-18,
1.0182366,40.4375,22.875,2026-01-19,
1.0182366,40.4375,22.875,2026-01-20,
1.0182366,40.4375,22.875,2026-01-21,
1.0182366,40.4375,22.875,2026-01-22,
1.0182366,40.4375,22.875,2026-01-23,
1.0182366,40.4375,22.875,2026-01-24,
1.0182366,40.4375,22.875,2026-01-25,
1.0182366,40.4375,22.875,2026-01-26,
1.0182366,40.4375,22.875,2026-01-27,
1.0182366,40.4375,22.875,2026-01-28,
1.0182366,40.4375,22.875,2026-01-29,
1.0182366,40.4375,22.875,2026-01-30,
1.0182366,40.4375,22.875,2026-01-31,
1.0182366,40.4375,22.875,2026-02-01,
1.0182366,40.4375,22.875,2026-02-02,
1.0182366,40.4375,22.875,2026-02-03,
1.0182366,40.4375,22.875,2026-02-04,
1.0182366,40.4375,22.875,2026-02-05,
1.0182366,40.4375,22.875,2026-02-06,
1.0182366,40.4375,22.875,2026-02-07,
1.0182366,40.4375,22.875,2026-02-08,
1.0182366,40.4375,22.875,2026-02-09,
1.0182366,40.4375,22.916666,2026-01-10,
1.0182366,40.4375,22.916666,2026-01-11,
1.0182366,40.4375,22.916666,2026-01-12,
1.0182366,40.4375,22.916666,2026-01-13,
1.0182366,40.4375,22.916666,2026-01-14,
1.0182366,40.4375,22.916666,2026-01-15,
1.0182366,40.4375,22.916666,2026-01-16,
1.0182366,40.4375,22.916666,2026-01-17,
1.0182366,40.4375,22.916666,2026-01-18,
1.0182366,40.4375,22.916666,2026-01-19,
1.0182366,40.4375,22.916666,2026-01-20,
1.0182366,40.4375,22.916666,2026-01-21,
1.0182366,40.4375,22.916666,2026-01-22,
1.0182366,40.4375,22.916666,2026-01-23,
1.0182366,40.4375,22.916666,2026-01-24,
1.0182366,40.4375,22.916666,2026-01-25,
1.0182366,40.4375,22.916666,2026-01-26,
1.0182366,40.4375,22.916666,2026-01-27,
1.0182366,40.4375,22.916666,2026-01-28,
1.0182366,40.4375,22.916666,2026-01-29,
1.0182366,40.4375,22.916666,2026-01-30,
1.0182366,40.4375,22.916666,2026-01-31,
1.0182366,40.4375,22.916666,2026-02-01,
1.0182366,40.4375,22.916666,2026-02-02,
1.0182366,40.4375,22.916666,2026-02-03,
1.0182366,40.4375,22.916666,2026-02-04,
1.0182366,40.4375,22.916666,2026-02-05,
1.0182366,40.4375,22.916666,2026-02-06,
1.0182366,40.4375,22.916666,2026-02-07,
1.0182366,40.4375,22.916666,2026-02-08,
1.0182366,40.4375,22.916666,2026-02-09,
1.0182366,40.4375,22.958334,2026-01-10,
1.0182366,40.4375,22.958334,2026-01-11,
1.0182366,40.4375,22.958334,2026-01-12,
1.0182366,40.4375,22.958334,2026-01-13,
1.0182366,40.4375,22.958334,2026-01-14,
1.0182366,40.4375,22.958334,2026-01-15,
1.0182366,40.4375,22.958334,2026-01-16,
1.0182366,40.4375,22.958334,2026-01-17,
1.0182366,40.4375,22.958334,2026-01-18,
1.0182366,40.4375,22.958334,2026-01-19,
1.0182366,40.4375,22.958334,2026-01-20,
1.0182366,40.4375,22.958334,2026-01-21,
1.0182366,40.4375,22.958334,2026-01-22,
1.0182366,40.4375,22.958334,2026-01-23,
1.0182366,40.4375,22.958334,2026-01-24,
1.0182366,40.4375,22.958334,2026-01-25,
1.0182366,40.4375,22.958334,2026-01-26,
1.0182366,40.4375,22.958334,2026-01-27,
1.0182366,40.4375,22.958334,2026-01-28,
1.0182366,40.4375,22.958334,2026-01-29,
1.0182366,40.4375,22.958334,2026-01-30,
1.0182366,40.4375,22.958334,2026-01-31,
1.0182366,40.4375,22.958334,2026-02-01,
1.0182366,40.4375,22.958334,2026-02-02,
1.0182366,40.4375,22.958334,2026-02-03,
1.0182366,40.4375,22.958334,2026-02-04,
1.0182366,40.4375,22.958334,2026-02-05,
1.0182366,40.4375,22.958334,2026-02-06,
1.0182366,40.4375,22.958334,2026-02-07,
1.0182366,40.4375,22.958334,2026-02-08,
1.0182366,40.4375,22.958334,2026-02-09,
1.0182366,40.4375,23.0,2026-01-10,
1.0182366,40.4375,23.0,2026-01-11,
1.0182366,40.4375,23.0,2026-01-12,
1.0182366,40.4375,23.0,2026-01-13,
1.0182366,40.4375,23.0,2026-01-14,
1.0182366,40.4375,23.0,2026-01-15,
1.0182366,40.4375,23.0,2026-01-16,
1.0182366,40.4375,23.0,2026-01-17,
1.0182366,40.4375,23.0,2026-01-18,
1.0182366,40.4375,23.0,2026-01-19,
1.0182366,40.4375,23.0,2026-01-20,
1.0182366,40.4375,23.0,2026-01-21,
1.0182366,40.4375,23.0,2026-01-22,
1.0182366,40.4375,23.0,2026-01-23,
1.0182366,40.4375,23.0,2026-01-24,
1.0182366,40.4375,23.0,2026-01-25,
1.0182366,40.4375,23.0,2026-01-26,
1.0182366,40.4375,23.0,2026-01-27,
1.0182366,40.4375,23.0,2026-01-28,
1.0182366,40.4375,23.0,2026-01-29,
1.0182366,40.4375,23.0,2026-01-30,
1.0182366,40.4375,23.0,2026-01-31,
1.0182366,40.4375,23.0,2026-02-01,
1.0182366,40.4375,23.0,2026-02-02,
1.0182366,40.4375,23.0,2026-02-03,
1.0182366,40.4375,23.0,2026-02-04,
1.0182366,40.4375,23.0,2026-02-05,
1.0182366,40.4375,23.0,2026-02-06,
1.0182366,40.4375,23.0,2026-02-07,
1.0182366,40.4375,23.0,2026-02-08,
1.0182366,40.4375,23.0,2026-02-09,
1.0182366,40.479168,22.5,2026-01-10,
1.0182366,40.479168,22.5,2026-01-11,
1.0182366,40.479168,22.5,2026-01-12,
1.0182366,40.479168,22.5,2026-01-13,
1.0182366,40.479168,22.5,2026-01-14,
1.0182366,40.479168,22.5,2026-01-15,
1.0182366,40.479168,22.5,2026-01-16,
1.0182366,40.479168,22.5,2026-01-17,
1.0182366,40.479168,22.5,2026-01-18,
1.0182366,40.479168,22.5,2026-01-19,
1.0182366,40.479168,22.5,2026-01-20,
1.0182366,40.479168,22.5,2026-01-21,
1.0182366,40.479168,22.5,2026-01-22,
1.0182366,40.479168,22.5,2026-01-23,
1.0182366,40.479168,22.5,2026-01-24,
1.0182366,40.479168,22.5,2026-01-25,
1.0182366,40.479168,22.5,2026-01-26,
1.0182366,40.479168,22.5,2026-01-27,
1.0182366,40.479168,22.5,2026-01-28,
1.0182366,40.479168,22.5,2026-01-29,
1.0182366,40.479168,22.5,2026-01-30,
1.0182366,40.479168,22.5,2026-01-31,
1.0182366,40.479168,22.5,2026-02-01,
1.0182366,40.479168,22.5,2026-02-02,
1.0182366,40.479168,22.5,2026-02-03,
1.0182366,40.479168,22.5,2026-02-04,
1.0182366,40.479168,22.5,2026-02-05,
1.0182366,40.479168,22.5,2026-02-06,
1.0182366,40.479168,22.5,2026-02-07,
1.0182366,40.479168,22.5,2026-02-08,
1.0182366,40.479168,22.5,2026-02-09,
1.0182366,40.479168,22.541666,2026-01-10,
1.0182366,40.479168,22.541666,2026-01-11,
1.0182366,40.479168,22.541666,2026-01-12,
1.0182366,40.479168,22.541666,2026-01-13,
1.0182366,40.479168,22.541666,2026-01-14,
1.0182366,40.479168,22.541666,2026-01-15,
1.0182366,40.479168,22.541666,2026-01-16,
1.0182366,40.479168,22.541666,2026-01-17,
1.0182366,40.479168,22.541666,2026-01-18,
1.0182366,40.479168,22.541666,2026-01-19,
1.0182366,40.479168,22.541666,2026-01-20,
1.0182366,40.479168,22.541666,2026-01-21,
1.0182366,40.479168,22.541666,2026-01-22,
1.0182366,40.479168,22.541666,2026-01-23,
1.0182366,40.479168,22.541666,2026-01-24,
1.0182366,40.479168,22.541666,2026-01-25,
1.0182366,40.479168,22.541666,2026-01-26,
1.0182366,40.479168,22.541666,2026-01-27,
1.0182366,40.479168,22.541666,2026-01-28,
1.0182366,40.479168,22.541666,2026-01-29,
1.0182366,40.479168,22.541666,2026-01-30,
1.0182366,40.479168,22.541666,2026-01-31,
1.0182366,40.479168,22.541666,2026-02-01,
1.0182366,40.479168,22.541666,2026-02-02,
1.0182366,40.479168,22.541666,2026-02-03,
1.0182366,40.479168,22.541666,2026-02-04,
1.0182366,40.479168,22.541666,2026-02-05,
1.0182366,40.479168,22.541666,2026-02-06,
1.0182366,40.479168,22.541666,2026-02-07,
1.0182366,40.479168,22.541666,2026-02-08,
1.0182366,40.479168,22.541666,2026-02-09,
1.0182366,40.479168,22.583334,2026-01-10,
1.0182366,40.479168,22.583334,2026-01-11,
1.0182366,40.479168,22.583334,2026-01-12,
1.0182366,40.479168,22.583334,2026-01-13,
1.0182366,40.479168,22.583334,2026-01-14,
1.0182366,40.479168,22.583334,2026-01-15,
1.0182366,40.479168,22.583334,2026-01-16,
1.0182366,40.479168,22.583334,2026-01-17,
1.0182366,40.479168,22.583334,2026-01-18,
1.0182366,40.479168,22.583334,2026-01-19,
1.0182366,40.479168,22.583334,2026-01-20,
1.0182366,40.479168,22.583334,2026-01-21,
1.0182366,40.479168,22.583334,2026-01-22,
1.0182366,40.479168,22.583334,2026-01-23,
1.0182366,40.479168,22.583334,2026-01-24,
1.0182366,40.479168,22.583334,2026-01-25,
1.0182366,40.479168,22.583334,2026-01-26,
1.0182366,40.479168,22.583334,2026-01-27,
1.0182366,40.479168,22.583334,2026-01-28,
1.0182366,40.479168,22.583334,2026-01-29,
1.0182366,40.479168,22.583334,2026-01-30,
1.0182366,40.479168,22.583334,2026-01-31,
1.0182366,40.479168,22.583334,2026-02-01,
1.0182366,40.479168,22.583334,2026-02-02,
1.0182366,40.479168,22.583334,2026-02-03,
1.0182366,40.479168,22.583334,2026-02-04,
1.0182366,40.479168,22.583334,2026-02-05,
1.0182366,40.479168,22.583334,2026-02-06,
1.0182366,40.479168,22.583334,2026-02-07,
1.0182366,40.479168,22.583334,2026-02-08,
1.0182366,40.479168,22.583334,2026-02-09,
1.0182366,40.479168,22.625,2026-01-10,
1.0182366,40.479168,22.625,2026-01-11,
1.0182366,40.479168,22.625,2026-01-12,
1.0182366,40.479168,22.625,2026-01-13,
1.0182366,40.479168,22.625,2026-01-14,
1.0182366,40.479168,22.625,2026-01-15,
1.0182366,40.479168,22.625,2026-01-16,
1.0182366,40.479168,22.625,2026-01-17,
1.0182366,40.479168,22.625,2026-01-18,
1.0182366,40.479168,22.625,2026-01-19,
1.0182366,40.479168,22.625,2026-01-20,
1.0182366,40.479168,22.625,2026-01-21,
1.0182366,40.479168,22.625,2026-01-22,
1.0182366,40.479168,22.625,2026-01-23,
1.0182366,40.479168,22.625,2026-01-24,
1.0182366,40.479168,22.625,2026-01-25,
1.0182366,40.479168,22.625,2026-01-26,
1.0182366,40.479168,22.625,2026-01-27,
1.0182366,40.479168,22.625,2026-01-28,
1.0182366,40.479168,22.625,2026-01-29,
1.0182366,40.479168,22.625,2026-01-30,
1.0182366,40.479168,22.625,2026-01-31,
1.0182366,40.479168,22.625,2026-02-01,
1.0182366,40.479168,22.625,2026-02-02,
1.0182366,40.479168,22.625,2026-02-03,
1.0182366,40.479168,22.625,2026-02-04,
1.0182366,40.479168,22.625,2026-02-05,
1.0182366,40.479168,22.625,2026-02-06,
1.0182366,40.479168,22.625,2026-02-07,
1.0182366,40.479168,22.625,2026-02-08,
1.0182366,40.479168,22.625,2026-02-09,
1.0182366,40.479168,22.666666,2026-01-10,32.460308
1.0182366,40.479168,22.666666,2026-01-11,34.547523
1.0182366,40.479168,22.666666,2026-01-12,36.747215
1.0182366,40.479168,22.666666,2026-01-13,35.301254
1.0182366,40.479168,22.666666,2026-01-14,34.507256
1.0182366,40.479168,22.666666,2026-01-15,34.70825
1.0182366,40.479168,22.666666,2026-01-16,34.872223
1.0182366,40.479168,22.666666,2026-01-17,34.322037
1.0182366,40.479168,22.666666,2026-01-18,33.92694
1.0182366,40.479168,22.666666,2026-01-19,33.462532
1.0182366,40.479168,22.666666,2026-01-20,33.191288
1.0182366,40.479168,22.666666,2026-01-21,35.475315
1.0182366,40.479168,22.666666,2026-01-22,37.524944
1.0182366,40.479168,22.666666,2026-01-23,37.09301
1.0182366,40.479168,22.666666,2026-01-24,35.929512
1.0182366,40.479168,22.666666,2026-01-25,35.606083
1.0182366,40.479168,22.666666,2026-01-26,34.67816
1.0182366,40.479168,22.666666,2026-01-27,33.868023
1.0182366,40.479168,22.666666,2026-01-28,33.26691
1.0182366,40.479168,22.666666,2026-01-29,32.88243
1.0182366,40.479168,22.666666,2026-01-30,32.5491
1.0182366,40.479168,22.666666,2026-01-31,32.88969
1.0182366,40.479168,22.666666,2026-02-01,31.107393
1.0182366,40.479168,22.666666,2026-02-02,32.407406
1.0182366,40.479168,22.666666,2026-02-03,32.05355
1.0182366,40.479168,22.666666,2026-02-04,32.355885
1.0182366,40.479168,22.666666,2026-02-05,31.735018
1.0182366,40.479168,22.666666,2026-02-06,30.444834
1.0182366,40.479168,22.666666,2026-02-07,30.53318
1.0182366,40.479168,22.666666,2026-02-08,31.005915
1.0182366,40.479168,22.666666,2026-02-09,31.503092
1.0182366,40.479168,22.708334,2026-01-10,31.192823
1.0182366,40.479168,22.708334,2026-01-11,32.98432
1.0182366,40.479168,22.708334,2026-01-12,34.399403
1.0182366,40.479168,22.708334,2026-01-13,33.183006
1.0182366,40.479168,22.708334,2026-01-14,32.746426
1.0182366,40.479168,22.708334,2026-01-15,33.174973
1.0182366,40.479168,22.708334,2026-01-16,33.34677
1.0182366,40.479168,22.708334,2026-01-17,32.222168
1.0182366,40.479168,22.708334,2026-01-18,32.256523
1.0182366,40.479168,22.708334,2026-01-19,32.20174
1.0182366,40.479168,22.708334,2026-01-20,32.615986
1.0182366,40.479168,22.708334,2026-01-21,34.886414
1.0182366,40.479168,22.708334,2026-01-22,36.43972
1.0182366,40.479168,22.708334,2026-01-23,35.66699
1.0182366,40.479168,22.708334,2026-01-24,34.99837
1.0182366,40.479168,22.708334,2026-01-25,34.598213
1.0182366,40.479168,22.708334,2026-01-26,33.326027
1.0182366,40.479168,22.708334,2026-01-27,32.29046
1.0182366,40.479168,22.708334,2026-01-28,31.191605
1.0182366,40.479168,22.708334,2026-01-29,31.55211
1.0182366,40.479168,22.708334,2026-01-30,31.066767
1.0182366,40.479168,22.708334,2026-01-31,30.763504
1.0182366,40.479168,22.708334,2026-02-01,29.321436
1.0182366,40.479168,22.708334,2026-02-02,30.630903
1.0182366,40.479168,22.708334,2026-02-03,29.95409
1.0182366,40.479168,22.708334,2026-02-04,30.635084
1.0182366,40.479168,22.708334,2026-02-05,29.168936
1.0182366,40.479168,22.708334,2026-02-06,28.912588
1.0182366,40.479168,22.708334,2026-02-07,28.722984
1.0182366,40.479168,22.708334,2026-02-08,29.23612
1.0182366,40.479168,22.708334,2026-02-09,29.371632
1.0182366,40.479168,22.75,2026-01-10,34.59644
1.0182366,40.479168,22.75,2026-01-11,35.51014
1.0182366,40.479168,22.75,2026-01-12,36.578747
1.0182366,40.479168,22.75,2026-01-13,35.975193
1.0182366,40.479168,22.75,2026-01-14,35.17859
1.0182366,40.479168,22.75,2026-01-15,34.89159
1.0182366,40.479168,22.75,2026-01-16,34.93747
1.0182366,40.479168,22.75,2026-01-17,33.5998
1.0182366,40.479168,22.75,2026-01-18,33.416073
1.0182366,40.479168,22.75,2026-01-19,33.498695
1.0182366,40.479168,22.75,2026-01-20,34.410366
1.0182366,40.479168,22.75,2026-01-21,35.58801
1.0182366,40.479168,22.75,2026-01-22,37.20028
1.0182366,40.479168,22.75,2026-01-23,36.891064
1.0182366,40.479168,22.75,2026-01-24,36.628017
1.0182366,40.479168,22.75,2026-01-25,36.199894
1.0182366,40.479168,22.75,2026-01-26,36.32683
1.0182366,40.479168,22.75,2026-01-27,35.13378
1.0182366,40.479168,22.75,2026-01-28,33.860325
1.0182366,40.479168,22.75,2026-01-29,33.976395
1.0182366,40.479168,22.75,2026-01-30,33.859585
1.0182366,40.479168,22.75,2026-01-31,33.14863
1.0182366,40.479168,22.75,2026-02-01,32.949554
1.0182366,40.479168,22.75,2026-02-02,33.314236
1.0182366,40.479168,22.75,2026-02-03,31.89557
1.0182366,40.479168,22.75,2026-02-04,32.591537
1.0182366,40.479168,22.75,2026-02-05,32.46629
1.0182366,40.479168,22.75,2026-02-06,31.761984
1.0182366,40.479168,22.75,2026-02-07,31.040903
1.0182366,40.479168,22.75,2026-02-08,31.50997
1.0182366,40.479168,22.75,2026-02-09,31.89503
1.0182366,40.479168,22.791666,2026-01-10,36.945484
1.0182366,40.479168,22.791666,2026-01-11,36.902565
1.0182366,40.479168,22.791666,2026-01-12,37.8174
1.0182366,40.479168,22.791666,2026-01-13,37.83651
1.0182366,40.479168,22.791666,2026-01-14,37.499474
1.0182366,40.479168,22.791666,2026-01-15,36.478382
1.0182366,40.479168,22.791666,2026-01-16,36.218597
1.0182366,40.479168,22.791666,2026-01-17,35.54895
1.0182366,40.479168,22.791666,2026-01-18,34.91552
1.0182366,40.479168,22.791666,2026-01-19,34.82044
1.0182366,40.479168,22.791666,2026-01-20,35.56206
1.0182366,40.479168,22.791666,2026-01-21,36.031673
1.0182366,40.479168,22.791666,2026-01-22,37.468624
1.0182366,40.479168,22.791666,2026-01-23,37.881004
1.0182366,40.479168,22.791666,2026-01-24,37.93032
1.0182366,40.479168,22.791666,2026-01-25,37.763992
1.0182366,40.479168,22.791666,2026-01-26,37.38147
1.0182366,40.479168,22.791666,2026-01-27,37.069405
1.0182366,40.479168,22.791666,2026-01-28,36.3994
1.0182366,40.479168,22.791666,2026-01-29,35.74178
1.0182366,40.479168,22.791666,2026-01-30,36.350853
1.0182366,40.479168,22.791666,2026-01-31,35.316772
1.0182366,40.479168,22.791666,2026-02-01,35.44508
1.0182366,40.479168,22.791666,2026-02-02,35.742104
1.0182366,40.479168,22.791666,2026-02-03,33.955723
1.0182366,40.479168,22.791666,2026-02-04,34.102596
1.0182366,40.479168,22.791666,2026-02-05,34.63393
1.0182366,40.479168,22.791666,2026-02-06,34.461452
1.0182366,40.479168,22.791666,2026-02-07,33.63299
1.0182366,40.479168,22.791666,2026-02-08,33.54831
1.0182366,40.479168,22.791666,2026-02-09,33.918983
1.0182366,40.479168,22.833334,2026-01-10,
1.0182366,40.479168,22.833334,2026-01-11,
1.0182366,40.479168,22.833334,2026-01-12,
1.0182366,40.479168,22.833334,2026-01-13,
1.0182366,40.479168,22.833334,2026-01-14,
1.0182366,40.479168,22.833334,2026-01-15,
1.0182366,40.479168,22.833334,2026-01-16,
1.0182366,40.479168,22.833334,2026-01-17,
1.0182366,40.479168,22.833334,2026-01-18,
1.0182366,40.479168,22.833334,2026-01-19,
1.0182366,40.479168,22.833334,2026-01-20,
1.0182366,40.479168,22.833334,2026-01-21,
1.0182366,40.479168,22.833334,2026-01-22,
1.0182366,40.479168,22.833334,2026-01-23,
1.0182366,40.479168,22.833334,2026-01-24,
1.0182366,40.479168,22.833334,2026-01-25,
1.0182366,40.479168,22.833334,2026-01-26,
1.0182366,40.479168,22.833334,2026-01-27,
1.0182366,40.479168,22.833334,2026-01-28,
1.0182366,40.479168,22.833334,2026-01-29,
1.0182366,40.479168,22.833334,2026-01-30,
1.0182366,40.479168,22.833334,2026-01-31,
1.0182366,40.479168,22.833334,2026-02-01,
1.0182366,40.479168,22.833334,2026-02-02,
1.0182366,40.479168,22.833334,2026-02-03,
1.0182366,40.479168,22.833334,2026-02-04,
1.0182366,40.479168,22.833334,2026-02-05,
1.0182366,40.479168,22.833334,2026-02-06,
1.0182366,40.479168,22.833334,2026-02-07,
1.0182366,40.479168,22.833334,2026-02-08,
1.0182366,40.479168,22.833334,2026-02-09,
1.0182366,40.479168,22.875,2026-01-10,
1.0182366,40.479168,22.875,2026-01-11,
1.0182366,40.479168,22.875,2026-01-12,
1.0182366,40.479168,22.875,2026-01-13,
1.0182366,40.479168,22.875,2026-01-14,
1.0182366,40.479168,22.875,2026-01-15,
1.0182366,40.479168,22.875,2026-01-16,
1.0182366,40.479168,22.875,2026-01-17,
1.0182366,40.479168,22.875,2026-01-18,
1.0182366,40.479168,22.875,2026-01-19,
1.0182366,40.479168,22.875,2026-01-20,
1.0182366,40.479168,22.875,2026-01-21,
1.0182366,40.479168,22.875,2026-01-22,
1.0182366,40.479168,22.875,2026-01-23,
1.0182366,40.479168,22.875,2026-01-24,
1.0182366,40.479168,22.875,2026-01-25,
1.0182366,40.479168,22.875,2026-01-26,
1.0182366,40.479168,22.875,2026-01-27,
1.0182366,40.479168,22.875,2026-01-28,
1.0182366,40.479168,22.875,2026-01-29,
1.0182366,40.479168,22.875,2026-01-30,
1.0182366,40.479168,22.875,2026-01-31,
1.0182366,40.479168,22.875,2026-02-01,
1.0182366,40.479168,22.875,2026-02-02,
1.0182366,40.479168,22.875,2026-02-03,
1.0182366,40.479168,22.875,2026-02-04,
1.0182366,40.479168,22.875,2026-02-05,
1.0182366,40.479168,22.875,2026-02-06,
1.0182366,40.479168,22.875,2026-02-07,
1.0182366,40.479168,22.875,2026-02-08,
1.0182366,40.479168,22.875,2026-02-09,
1.0182366,40.479168,22.916666,2026-01-10,
1.0182366,40.479168,22.916666,2026-01-11,
1.0182366,40.479168,22.916666,2026-01-12,
1.0182366,40.479168,22.916666,2026-01-13,
1.0182366,40.479168,22.916666,2026-01-14,
1.0182366,40.479168,22.916666,2026-01-15,
1.0182366,40.479168,22.916666,2026-01-16,
1.0182366,40.479168,22.916666,2026-01-17,
1.0182366,40.479168,22.916666,2026-01-18,
1.0182366,40.479168,22.916666,2026-01-19,
1.0182366,40.479168,22.916666,2026-01-20,
1.0182366,40.479168,22.916666,2026-01-21,
1.0182366,40.479168,22.916666,2026-01-22,
1.0182366,40.479168,22.916666,2026-01-23,
1.0182366,40.479168,22.916666,2026-01-24,
1.0182366,40.479168,22.916666,2026-01-25,
1.0182366,40.479168,22.916666,2026-01-26,
1.0182366,40.479168,22.916666,2026-01-27,
1.0182366,40.479168,22.916666,2026-01-28,
1.0182366,40.479168,22.916666,2026-01-29,
1.0182366,40.479168,22.916666,2026-01-30,
1.0182366,40.479168,22.916666,2026-01-31,
1.0182366,40.479168,22.916666,2026-02-01,
1.0182366,40.479168,22.916666,2026-02-02,
1.0182366,40.479168,22.916666,2026-02-03,
1.0182366,40.479168,22.916666,2026-02-04,
1.0182366,40.479168,22.916666,2026-02-05,
1.0182366,40.479168,22.916666,2026-02-06,
1.0182366,40.479168,22.916666,2026-02-07,
1.0182366,40.479168,22.916666,2026-02-08,
1.0182366,40.479168,22.916666,2026-02-09,
1.0182366,40.479168,22.958334,2026-01-10,
1.0182366,40.479168,22.958334,2026-01-11,
1.0182366,40.479168,22.958334,2026-01-12,
1.0182366,40.479168,22.958334,2026-01-13,
1.0182366,40.479168,22.958334,2026-01-14,
1.0182366,40.479168,22.958334,2026-01-15,
1.0182366,40.479168,22.958334,2026-01-16,
1.0182366,40.479168,22.958334,2026-01-17,
1.0182366,40.479168,22.958334,2026-01-18,
1.0182366,40.479168,22.958334,2026-01-19,
1.0182366,40.479168,22.958334,2026-01-20,
1.0182366,40.479168,22.958334,2026-01-21,
1.0182366,40.479168,22.958334,2026-01-22,
1.0182366,40.479168,22.958334,2026-01-23,
1.0182366,40.479168,22.958334,2026-01-24,
1.0182366,40.479168,22.958334,2026-01-25,
1.0182366,40.479168,22.958334,2026-01-26,
1.0182366,40.479168,22.958334,2026-01-27,
1.0182366,40.479168,22.958334,2026-01-28,
1.0182366,40.479168,22.958334,2026-01-29,
1.0182366,40.479168,22.958334,2026-01-30,
1.0182366,40.479168,22.958334,2026-01-31,
1.0182366,40.479168,22.958334,2026-02-01,
1.0182366,40.479168,22.958334,2026-02-02,
1.0182366,40.479168,22.958334,2026-02-03,
1.0182366,40.479168,22.958334,2026-02-04,
1.0182366,40.479168,22.958334,2026-02-05,
1.0182366,40.479168,22.958334,2026-02-06,
1.0182366,40.479168,22.958334,2026-02-07,
1.0182366,40.479168,22.958334,2026-02-08,
1.0182366,40.479168,22.958334,2026-02-09,
1.0182366,40.479168,23.0,2026-01-10,
1.0182366,40.479168,23.0,2026-01-11,
1.0182366,40.479168,23.0,2026-01-12,
1.0182366,40.479168,23.0,2026-01-13,
1.0182366,40.479168,23.0,2026-01-14,
1.0182366,40.479168,23.0,2026-01-15,
1.0182366,40.479168,23.0,2026-01-16,
1.0182366,40.479168,23.0,2026-01-17,
1.0182366,40.479168,23.0,2026-01-18,
1.0182366,40.479168,23.0,2026-01-19,
1.0182366,40.479168,23.0,2026-01-20,
1.0182366,40.479168,23.0,2026-01-21,
1.0182366,40.479168,23.0,2026-01-22,
1.0182366,40.479168,23.0,2026-01-23,
1.0182366,40.479168,23.0,2026-01-24,
1.0182366,40.479168,23.0,2026-01-25,
1.0182366,40.479168,23.0,2026-01-26,
1.0182366,40.479168,23.0,2026-01-27,
1.0182366,40.479168,23.0,2026-01-28,
1.0182366,40.479168,23.0,2026-01-29,
1.0182366,40.479168,23.0,2026-01-30,
1.0182366,40.479168,23.0,2026-01-31,
1.0182366,40.479168,23.0,2026-02-01,
1.0182366,40.479168,23.0,2026-02-02,
1.0182366,40.479168,23.0,2026-02-03,
1.0182366,40.479168,23.0,2026-02-04,
1.0182366,40.479168,23.0,2026-02-05,
1.0182366,40.479168,23.0,2026-02-06,
1.0182366,40.479168,23.0,2026-02-07,
1.0182366,40.479168,23.0,2026-02-08,
1.0182366,40.479168,23.0,2026-02-09,
1.0182366,40.520832,22.5,2026-01-10,
1.0182366,40.520832,22.5,2026-01-11,
1.0182366,40.520832,22.5,2026-01-12,
1.0182366,40.520832,22.5,2026-01-13,
1.0182366,40.520832,22.5,2026-01-14,
1.0182366,40.520832,22.5,2026-01-15,
1.0182366,40.520832,22.5,2026-01-16,
1.0182366,40.520832,22.5,2026-01-17,
1.0182366,40.520832,22.5,2026-01-18,
1.0182366,40.520832,22.5,2026-01-19,
1.0182366,40.520832,22.5,2026-01-20,
1.0182366,40.520832,22.5,2026-01-21,
1.0182366,40.520832,22.5,2026-01-22,
1.0182366,40.520832,22.5,2026-01-23,
1.0182366,40.520832,22.5,2026-01-24,
1.0182366,40.520832,22.5,2026-01-25,
1.0182366,40.520832,22.5,2026-01-26,
1.0182366,40.520832,22.5,2026-01-27,
1.0182366,40.520832,22.5,2026-01-28,
1.0182366,40.520832,22.5,2026-01-29,
1.0182366,40.520832,22.5,2026-01-30,
1.0182366,40.520832,22.5,2026-01-31,
1.0182366,40.520832,22.5,2026-02-01,
1.0182366,40.520832,22.5,2026-02-02,
1.0182366,40.520832,22.5,2026-02-03,
1.0182366,40.520832,22.5,2026-02-04,
1.0182366,40.520832,22.5,2026-02-05,
1.0182366,40.520832,22.5,2026-02-06,
1.0182366,40.520832,22.5,2026-02-07,
1.0182366,40.520832,22.5,2026-02-08,
1.0182366,40.520832,22.5,2026-02-09,
1.0182366,40.520832,22.541666,2026-01-10,
1.0182366,40.520832,22.541666,2026-01-11,
1.0182366,40.520832,22.541666,2026-01-12,
1.0182366,40.520832,22.541666,2026-01-13,
1.0182366,40.520832,22.541666,2026-01-14,
1.0182366,40.520832,22.541666,2026-01-15,
1.0182366,40.520832,22.541666,2026-01-16,
1.0182366,40.520832,22.541666,2026-01-17,
1.0182366,40.520832,22.541666,2026-01-18,
1.0182366,40.520832,22.541666,2026-01-19,
1.0182366,40.520832,22.541666,2026-01-20,
1.0182366,40.520832,22.541666,2026-01-21,
1.0182366,40.520832,22.541666,2026-01-22,
1.0182366,40.520832,22.541666,2026-01-23,
1.0182366,40.520832,22.541666,2026-01-24,
1.0182366,40.520832,22.541666,2026-01-25,
1.0182366,40.520832,22.541666,2026-01-26,
1.0182366,40.520832,22.541666,2026-01-27,
1.0182366,40.520832,22.541666,2026-01-28,
1.0182366,40.520832,22.541666,2026-01-29,
1.0182366,40.520832,22.541666,2026-01-30,
1.0182366,40.520832,22.541666,2026-01-31,
1.0182366,40.520832,22.541666,2026-02-01,
1.0182366,40.520832,22.541666,2026-02-02,
1.0182366,40.520832,22.541666,2026-02-03,
1.0182366,40.520832,22.541666,2026-02-04,
1.0182366,40.520832,22.541666,2026-02-05,
1.0182366,40.520832,22.541666,2026-02-06,
1.0182366,40.520832,22.541666,2026-02-07,
1.0182366,40.520832,22.541666,2026-02-08,
1.0182366,40.520832,22.541666,2026-02-09,
1.0182366,40.520832,22.583334,2026-01-10,
1.0182366,40.520832,22.583334,2026-01-11,
1.0182366,40.520832,22.583334,2026-01-12,
1.0182366,40.520832,22.583334,2026-01-13,
1.0182366,40.520832,22.583334,2026-01-14,
1.0182366,40.520832,22.583334,2026-01-15,
1.0182366,40.520832,22.583334,2026-01-16,
1.0182366,40.520832,22.583334,2026-01-17,
1.0182366,40.520832,22.583334,2026-01-18,
1.0182366,40.520832,22.583334,2026-01-19,
1.0182366,40.520832,22.583334,2026-01-20,
1.0182366,40.520832,22.583334,2026-01-21,
1.0182366,40.520832,22.583334,2026-01-22,
1.0182366,40.520832,22.583334,2026-01-23,
1.0182366,40.520832,22.583334,2026-01-24,
1.0182366,40.520832,22.583334,2026-01-25,
1.0182366,40.520832,22.583334,2026-01-26,
1.0182366,40.520832,22.583334,2026-01-27,
1.0182366,40.520832,22.583334,2026-01-28,
1.0182366,40.520832,22.583334,2026-01-29,
1.0182366,40.520832,22.583334,2026-01-30,
1.0182366,40.520832,22.583334,2026-01-31,
1.0182366,40.520832,22.583334,2026-02-01,
1.0182366,40.520832,22.583334,2026-02-02,
1.0182366,40.520832,22.583334,2026-02-03,
1.0182366,40.520832,22.583334,2026-02-04,
1.0182366,40.520832,22.583334,2026-02-05,
1.0182366,40.520832,22.583334,2026-02-06,
1.0182366,40.520832,22.583334,2026-02-07,
1.0182366,40.520832,22.583334,2026-02-08,
1.0182366,40.520832,22.583334,2026-02-09,
1.0182366,40.520832,22.625,2026-01-10,
1.0182366,40.520832,22.625,2026-01-11,
1.0182366,40.520832,22.625,2026-01-12,
1.0182366,40.520832,22.625,2026-01-13,
1.0182366,40.520832,22.625,2026-01-14,
1.0182366,40.520832,22.625,2026-01-15,
1.0182366,40.520832,22.625,2026-01-16,
1.0182366,40.520832,22.625,2026-01-17,
1.0182366,40.520832,22.625,2026-01-18,
1.0182366,40.520832,22.625,2026-01-19,
1.0182366,40.520832,22.625,2026-01-20,
1.0182366,40.520832,22.625,2026-01-21,
1.0182366,40.520832,22.625,2026-01-22,
1.0182366,40.520832,22.625,2026-01-23,
1.0182366,40.520832,22.625,2026-01-24,
1.0182366,40.520832,22.625,2026-01-25,
1.0182366,40.520832,22.625,2026-01-26,
1.0182366,40.520832,22.625,2026-01-27,
1.0182366,40.520832,22.625,2026-01-28,
1.0182366,40.520832,22.625,2026-01-29,
1.0182366,40.520832,22.625,2026-01-30,
1.0182366,40.520832,22.625,2026-01-31,
1.0182366,40.520832,22.625,2026-02-01,
1.0182366,40.520832,22.625,2026-02-02,
1.0182366,40.520832,22.625,2026-02-03,
1.0182366,40.520832,22.625,2026-02-04,
1.0182366,40.520832,22.625,2026-02-05,
1.0182366,40.520832,22.625,2026-02-06,
1.0182366,40.520832,22.625,2026-02-07,
1.0182366,40.520832,22.625,2026-02-08,
1.0182366,40.520832,22.625,2026-02-09,
1.0182366,40.520832,22.666666,2026-01-10,
1.0182366,40.520832,22.666666,2026-01-11,
1.0182366,40.520832,22.666666,2026-01-12,
1.0182366,40.520832,22.666666,2026-01-13,
1.0182366,40.520832,22.666666,2026-01-14,
1.0182366,40.520832,22.666666,2026-01-15,
1.0182366,40.520832,22.666666,2026-01-16,
1.0182366,40.520832,22.666666,2026-01-17,
1.0182366,40.520832,22.666666,2026-01-18,
1.0182366,40.520832,22.666666,2026-01-19,
1.0182366,40.520832,22.666666,2026-01-20,
1.0182366,40.520832,22.666666,2026-01-21,
1.0182366,40.520832,22.666666,2026-01-22,
1.0182366,40.520832,22.666666,2026-01-23,
1.0182366,40.520832,22.666666,2026-01-24,
1.0182366,40.520832,22.666666,2026-01-25,
1.0182366,40.520832,22.666666,2026-01-26,
1.0182366,40.520832,22.666666,2026-01-27,
1.0182366,40.520832,22.666666,2026-01-28,
1.0182366,40.520832,22.666666,2026-01-29,
1.0182366,40.520832,22.666666,2026-01-30,
1.0182366,40.520832,22.666666,2026-01-31,
1.0182366,40.520832,22.666666,2026-02-01,
1.0182366,40.520832,22.666666,2026-02-02,
1.0182366,40.520832,22.666666,2026-02-03,
1.0182366,40.520832,22.666666,2026-02-04,
1.0182366,40.520832,22.666666,2026-02-05,
1.0182366,40.520832,22.666666,2026-02-06,
1.0182366,40.520832,22.666666,2026-02-07,
1.0182366,40.520832,22.666666,2026-02-08,
1.0182366,40.520832,22.666666,2026-02-09,
1.0182366,40.520832,22.708334,2026-01-10,
1.0182366,40.520832,22.708334,2026-01-11,
1.0182366,40.520832,22.708334,2026-01-12,
1.0182366,40.520832,22.708334,2026-01-13,
1.0182366,40.520832,22.708334,2026-01-14,
1.0182366,40.520832,22.708334,2026-01-15,
1.0182366,40.520832,22.708334,2026-01-16,
1.0182366,40.520832,22.708334,2026-01-17,
1.0182366,40.520832,22.708334,2026-01-18,
1.0182366,40.520832,22.708334,2026-01-19,
1.0182366,40.520832,22.708334,2026-01-20,
1.0182366,40.520832,22.708334,2026-01-21,
1.0182366,40.520832,22.708334,2026-01-22,
1.0182366,40.520832,22.708334,2026-01-23,
1.0182366,40.520832,22.708334,2026-01-24,
1.0182366,40.520832,22.708334,2026-01-25,
1.0182366,40.520832,22.708334,2026-01-26,
1.0182366,40.520832,22.708334,2026-01-27,
1.0182366,40.520832,22.708334,2026-01-28,
1.0182366,40.520832,22.708334,2026-01-29,
1.0182366,40.520832,22.708334,2026-01-30,
1.0182366,40.520832,22.708334,2026-01-31,
1.0182366,40.520832,22.708334,2026-02-01,
1.0182366,40.520832,22.708334,2026-02-02,
1.0182366,40.520832,22.708334,2026-02-03,
1.0182366,40.520832,22.708334,2026-02-04,
1.0182366,40.520832,22.708334,2026-02-05,
1.0182366,40.520832,22.708334,2026-02-06,
1.0182366,40.520832,22.708334,2026-02-07,
1.0182366,40.520832,22.708334,2026-02-08,
1.0182366,40.520832,22.708334,2026-02-09,
1.0182366,40.520832,22.75,2026-01-10,
1.0182366,40.520832,22.75,2026-01-11,
1.0182366,40.520832,22.75,2026-01-12,
1.0182366,40.520832,22.75,2026-01-13,
1.0182366,40.520832,22.75,2026-01-14,
1.0182366,40.520832,22.75,2026-01-15,
1.0182366,40.520832,22.75,2026-01-16,
1.0182366,40.520832,22.75,2026-01-17,
1.0182366,40.520832,22.75,2026-01-18,
1.0182366,40.520832,22.75,2026-01-19,
1.0182366,40.520832,22.75,2026-01-20,
1.0182366,40.520832,22.75,2026-01-21,
1.0182366,40.520832,22.75,2026-01-22,
1.0182366,40.520832,22.75,2026-01-23,
1.0182366,40.520832,22.75,2026-01-24,
1.0182366,40.520832,22.75,2026-01-25,
1.0182366,40.520832,22.75,2026-01-26,
1.0182366,40.520832,22.75,2026-01-27,
1.0182366,40.520832,22.75,2026-01-28,
1.0182366,40.520832,22.75,2026-01-29,
1.0182366,40.520832,22.75,2026-01-30,
1.0182366,40.520832,22.75,2026-01-31,
1.0182366,40.520832,22.75,2026-02-01,
1.0182366,40.520832,22.75,2026-02-02,
1.0182366,40.520832,22.75,2026-02-03,
1.0182366,40.520832,22.75,2026-02-04,
1.0182366,40.520832,22.75,2026-02-05,
1.0182366,40.520832,22.75,2026-02-06,
1.0182366,40.520832,22.75,2026-02-07,
1.0182366,40.520832,22.75,2026-02-08,
1.0182366,40.520832,22.75,2026-02-09,
1.0182366,40.520832,22.791666,2026-01-10,
1.0182366,40.520832,22.791666,2026-01-11,
1.0182366,40.520832,22.791666,2026-01-12,
1.0182366,40.520832,22.791666,2026-01-13,
1.0182366,40.520832,22.791666,2026-01-14,
1.0182366,40.520832,22.791666,2026-01-15,
1.0182366,40.520832,22.791666,2026-01-16,
1.0182366,40.520832,22.791666,2026-01-17,
1.0182366,40.520832,22.791666,2026-01-18,
1.0182366,40.520832,22.791666,2026-01-19,
1.0182366,40.520832,22.791666,2026-01-20,
1.0182366,40.520832,22.791666,2026-01-21,
1.0182366,40.520832,22.791666,2026-01-22,
1.0182366,40.520832,22.791666,2026-01-23,
1.0182366,40.520832,22.791666,2026-01-24,
1.0182366,40.520832,22.791666,2026-01-25,
1.0182366,40.520832,22.791666,2026-01-26,
1.0182366,40.520832,22.791666,2026-01-27,
1.0182366,40.520832,22.791666,2026-01-28,
1.0182366,40.520832,22.791666,2026-01-29,
1.0182366,40.520832,22.791666,2026-01-30,
1.0182366,40.520832,22.791666,2026-01-31,
1.0182366,40.520832,22.791666,2026-02-01,
1.0182366,40.520832,22.791666,2026-02-02,
1.0182366,40.520832,22.791666,2026-02-03,
1.0182366,40.520832,22.791666,2026-02-04,
1.0182366,40.520832,22.791666,2026-02-05,
1.0182366,40.520832,22.791666,2026-02-06,
1.0182366,40.520832,22.791666,2026-02-07,
1.0182366,40.520832,22.791666,2026-02-08,
1.0182366,40.520832,22.791666,2026-02-09,
1.0182366,40.520832,22.833334,2026-01-10,
1.0182366,40.520832,22.833334,2026-01-11,
1.0182366,40.520832,22.833334,2026-01-12,
1.0182366,40.520832,22.833334,2026-01-13,
1.0182366,40.520832,22.833334,2026-01-14,
1.0182366,40.520832,22.833334,2026-01-15,
1.0182366,40.520832,22.833334,2026-01-16,
1.0182366,40.520832,22.833334,2026-01-17,
1.0182366,40.520832,22.833334,2026-01-18,
1.0182366,40.520832,22.833334,2026-01-19,
1.0182366,40.520832,22.833334,2026-01-20,
1.0182366,40.520832,22.833334,2026-01-21,
1.0182366,40.520832,22.833334,2026-01-22,
1.0182366,40.520832,22.833334,2026-01-23,
1.0182366,40.520832,22.833334,2026-01-24,
1.0182366,40.520832,22.833334,2026-01-25,
1.0182366,40.520832,22.833334,2026-01-26,
1.0182366,40.520832,22.833334,2026-01-27,
1.0182366,40.520832,22.833334,2026-01-28,
1.0182366,40.520832,22.833334,2026-01-29,
1.0182366,40.520832,22.833334,2026-01-30,
1.0182366,40.520832,22.833334,2026-01-31,
1.0182366,40.520832,22.833334,2026-02-01,
1.0182366,40.520832,22.833334,2026-02-02,
1.0182366,40.520832,22.833334,2026-02-03,
1.0182366,40.520832,22.833334,2026-02-04,
1.0182366,40.520832,22.833334,2026-02-05,
1.0182366,40.520832,22.833334,2026-02-06,
1.0182366,40.520832,22.833334,2026-02-07,
1.0182366,40.520832,22.833334,2026-02-08,
1.0182366,40.520832,22.833334,2026-02-09,
1.0182366,40.520832,22.875,2026-01-10,
1.0182366,40.520832,22.875,2026-01-11,
1.0182366,40.520832,22.875,2026-01-12,
1.0182366,40.520832,22.875,2026-01-13,
1.0182366,40.520832,22.875,2026-01-14,
1.0182366,40.520832,22.875,2026-01-15,
1.0182366,40.520832,22.875,2026-01-16,
1.0182366,40.520832,22.875,2026-01-17,
1.0182366,40.520832,22.875,2026-01-18,
1.0182366,40.520832,22.875,2026-01-19,
1.0182366,40.520832,22.875,2026-01-20,
1.0182366,40.520832,22.875,2026-01-21,
1.0182366,40.520832,22.875,2026-01-22,
1.0182366,40.520832,22.875,2026-01-23,
1.0182366,40.520832,22.875,2026-01-24,
1.0182366,40.520832,22.875,2026-01-25,
1.0182366,40.520832,22.875,2026-01-26,
1.0182366,40.520832,22.875,2026-01-27,
1.0182366,40.520832,22.875,2026-01-28,
1.0182366,40.520832,22.875,2026-01-29,
1.0182366,40.520832,22.875,2026-01-30,
1.0182366,40.520832,22.875,2026-01-31,
1.0182366,40.520832,22.875,2026-02-01,
1.0182366,40.520832,22.875,2026-02-02,
1.0182366,40.520832,22.875,2026-02-03,
1.0182366,40.520832,22.875,2026-02-04,
1.0182366,40.520832,22.875,2026-02-05,
1.0182366,40.520832,22.875,2026-02-06,
1.0182366,40.520832,22.875,2026-02-07,
1.0182366,40.520832,22.875,2026-02-08,
1.0182366,40.520832,22.875,2026-02-09,
1.0182366,40.520832,22.916666,2026-01-10,
1.0182366,40.520832,22.916666,2026-01-11,
1.0182366,40.520832,22.916666,2026-01-12,
1.0182366,40.520832,22.916666,2026-01-13,
1.0182366,40.520832,22.916666,2026-01-14,
1.0182366,40.520832,22.916666,2026-01-15,
1.0182366,40.520832,22.916666,2026-01-16,
1.0182366,40.520832,22.916666,2026-01-17,
1.0182366,40.520832,22.916666,2026-01-18,
1.0182366,40.520832,22.916666,2026-01-19,
1.0182366,40.520832,22.916666,2026-01-20,
1.0182366,40.520832,22.916666,2026-01-21,
1.0182366,40.520832,22.916666,2026-01-22,
1.0182366,40.520832,22.916666,2026-01-23,
1.0182366,40.520832,22.916666,2026-01-24,
1.0182366,40.520832,22.916666,2026-01-25,
1.0182366,40.520832,22.916666,2026-01-26,
1.0182366,40.520832,22.916666,2026-01-27,
1.0182366,40.520832,22.916666,2026-01-28,
1.0182366,40.520832,22.916666,2026-01-29,
1.0182366,40.520832,22.916666,2026-01-30,
1.0182366,40.520832,22.916666,2026-01-31,
1.0182366,40.520832,22.916666,2026-02-01,
1.0182366,40.520832,22.916666,2026-02-02,
1.0182366,40.520832,22.916666,2026-02-03,
1.0182366,40.520832,22.916666,2026-02-04,
1.0182366,40.520832,22.916666,2026-02-05,
1.0182366,40.520832,22.916666,2026-02-06,
1.0182366,40.520832,22.916666,2026-02-07,
1.0182366,40.520832,22.916666,2026-02-08,
1.0182366,40.520832,22.916666,2026-02-09,
1.0182366,40.520832,22.958334,2026-01-10,
1.0182366,40.520832,22.958334,2026-01-11,
1.0182366,40.520832,22.958334,2026-01-12,
1.0182366,40.520832,22.958334,2026-01-13,
1.0182366,40.520832,22.958334,2026-01-14,
1.0182366,40.520832,22.958334,2026-01-15,
1.0182366,40.520832,22.958334,2026-01-16,
1.0182366,40.520832,22.958334,2026-01-17,
1.0182366,40.520832,22.958334,2026-01-18,
1.0182366,40.520832,22.958334,2026-01-19,
1.0182366,40.520832,22.958334,2026-01-20,
1.0182366,40.520832,22.958334,2026-01-21,
1.0182366,40.520832,22.958334,2026-01-22,
1.0182366,40.520832,22.958334,2026-01-23,
1.0182366,40.520832,22.958334,2026-01-24,
1.0182366,40.520832,22.958334,2026-01-25,
1.0182366,40.520832,22.958334,2026-01-26,
1.0182366,40.520832,22.958334,2026-01-27,
1.0182366,40.520832,22.958334,2026-01-28,
1.0182366,40.520832,22.958334,2026-01-29,
1.0182366,40.520832,22.958334,2026-01-30,
1.0182366,40.520832,22.958334,2026-01-31,
1.0182366,40.520832,22.958334,2026-02-01,
1.0182366,40.520832,22.958334,2026-02-02,
1.0182366,40.520832,22.958334,2026-02-03,
1.0182366,40.520832,22.958334,2026-02-04,
1.0182366,40.520832,22.958334,2026-02-05,
1.0182366,40.520832,22.958334,2026-02-06,
1.0182366,40.520832,22.958334,2026-02-07,
1.0182366,40.520832,22.958334,2026-02-08,
1.0182366,40.520832,22.958334,2026-02-09,
1.0182366,40.520832,23.0,2026-01-10,
1.0182366,40.520832,23.0,2026-01-11,
1.0182366,40.520832,23.0,2026-01-12,
1.0182366,40.520832,23.0,2026-01-13,
1.0182366,40.520832,23.0,2026-01-14,
1.0182366,40.520832,23.0,2026-01-15,
1.0182366,40.520832,23.0,2026-01-16,
1.0182366,40.520832,23.0,2026-01-17,
1.0182366,40.520832,23.0,2026-01-18,
1.0182366,40.520832,23.0,2026-01-19,
1.0182366,40.520832,23.0,2026-01-20,
1.0182366,40.520832,23.0,2026-01-21,
1.0182366,40.520832,23.0,2026-01-22,
1.0182366,40.520832,23.0,2026-01-23,
1.0182366,40.520832,23.0,2026-01-24,
1.0182366,40.520832,23.0,2026-01-25,
1.0182366,40.520832,23.0,2026-01-26,
1.0182366,40.520832,23.0,2026-01-27,
1.0182366,40.520832,23.0,2026-01-28,
1.0182366,40.520832,23.0,2026-01-29,
1.0182366,40.520832,23.0,2026-01-30,
1.0182366,40.520832,23.0,2026-01-31,
1.0182366,40.520832,23.0,2026-02-01,
1.0182366,40.520832,23.0,2026-02-02,
1.0182366,40.520832,23.0,2026-02-03,
1.0182366,40.520832,23.0,2026-02-04,
1.0182366,40.520832,23.0,2026-02-05,
1.0182366,40.520832,23.0,2026-02-06,
1.0182366,40.520832,23.0,2026-02-07,
1.0182366,40.520832,23.0,2026-02-08,
1.0182366,40.520832,23.0,2026-02-09,
1.0182366,40.5625,22.5,2026-01-10,
1.0182366,40.5625,22.5,2026-01-11,
1.0182366,40.5625,22.5,2026-01-12,
1.0182366,40.5625,22.5,2026-01-13,
1.0182366,40.5625,22.5,2026-01-14,
1.0182366,40.5625,22.5,2026-01-15,
1.0182366,40.5625,22.5,2026-01-16,
1.0182366,40.5625,22.5,2026-01-17,
1.0182366,40.5625,22.5,2026-01-18,
1.0182366,40.5625,22.5,2026-01-19,
1.0182366,40.5625,22.5,2026-01-20,
1.0182366,40.5625,22.5,2026-01-21,
1.0182366,40.5625,22.5,2026-01-22,
1.0182366,40.5625,22.5,2026-01-23,
1.0182366,40.5625,22.5,2026-01-24,
1.0182366,40.5625,22.5,2026-01-25,
1.0182366,40.5625,22.5,2026-01-26,
1.0182366,40.5625,22.5,2026-01-27,
1.0182366,40.5625,22.5,2026-01-28,
1.0182366,40.5625,22.5,2026-01-29,
1.0182366,40.5625,22.5,2026-01-30,
1.0182366,40.5625,22.5,2026-01-31,
1.0182366,40.5625,22.5,2026-02-01,
1.0182366,40.5625,22.5,2026-02-02,
1.0182366,40.5625,22.5,2026-02-03,
1.0182366,40.5625,22.5,2026-02-04,
1.0182366,40.5625,22.5,2026-02-05,
1.0182366,40.5625,22.5,2026-02-06,
1.0182366,40.5625,22.5,2026-02-07,
1.0182366,40.5625,22.5,2026-02-08,
1.0182366,40.5625,22.5,2026-02-09,
1.0182366,40.5625,22.541666,2026-01-10,
1.0182366,40.5625,22.541666,2026-01-11,
1.0182366,40.5625,22.541666,2026-01-12,
1.0182366,40.5625,22.541666,2026-01-13,
1.0182366,40.5625,22.541666,2026-01-14,
1.0182366,40.5625,22.541666,2026-01-15,
1.0182366,40.5625,22.541666,2026-01-16,
1.0182366,40.5625,22.541666,2026-01-17,
1.0182366,40.5625,22.541666,2026-01-18,
1.0182366,40.5625,22.541666,2026-01-19,
1.0182366,40.5625,22.541666,2026-01-20,
1.0182366,40.5625,22.541666,2026-01-21,
1.0182366,40.5625,22.541666,2026-01-22,
1.0182366,40.5625,22.541666,2026-01-23,
1.0182366,40.5625,22.541666,2026-01-24,
1.0182366,40.5625,22.541666,2026-01-25,
1.0182366,40.5625,22.541666,2026-01-26,
1.0182366,40.5625,22.541666,2026-01-27,
1.0182366,40.5625,22.541666,2026-01-28,
1.0182366,40.5625,22.541666,2026-01-29,
1.0182366,40.5625,22.541666,2026-01-30,
1.0182366,40.5625,22.541666,2026-01-31,
1.0182366,40.5625,22.541666,2026-02-01,
1.0182366,40.5625,22.541666,2026-02-02,
1.0182366,40.5625,22.541666,2026-02-03,
1.0182366,40.5625,22.541666,2026-02-04,
1.0182366,40.5625,22.541666,2026-02-05,
1.0182366,40.5625,22.541666,2026-02-06,
1.0182366,40.5625,22.541666,2026-02-07,
1.0182366,40.5625,22.541666,2026-02-08,
1.0182366,40.5625,22.541666,2026-02-09,
1.0182366,40.5625,22.583334,2026-01-10,
1.0182366,40.5625,22.583334,2026-01-11,
1.0182366,40.5625,22.583334,2026-01-12,
1.0182366,40.5625,22.583334,2026-01-13,
1.0182366,40.5625,22.583334,2026-01-14,
1.0182366,40.5625,22.583334,2026-01-15,
1.0182366,40.5625,22.583334,2026-01-16,
1.0182366,40.5625,22.583334,2026-01-17,
1.0182366,40.5625,22.583334,2026-01-18,
1.0182366,40.5625,22.583334,2026-01-19,
1.0182366,40.5625,22.583334,2026-01-20,
1.0182366,40.5625,22.583334,2026-01-21,
1.0182366,40.5625,22.583334,2026-01-22,
1.0182366,40.5625,22.583334,2026-01-23,
1.0182366,40.5625,22.583334,2026-01-24,
1.0182366,40.5625,22.583334,2026-01-25,
1.0182366,40.5625,22.583334,2026-01-26,
1.0182366,40.5625,22.583334,2026-01-27,
1.0182366,40.5625,22.583334,2026-01-28,
1.0182366,40.5625,22.583334,2026-01-29,
1.0182366,40.5625,22.583334,2026-01-30,
1.0182366,40.5625,22.583334,2026-01-31,
1.0182366,40.5625,22.583334,2026-02-01,
1.0182366,40.5625,22.583334,2026-02-02,
1.0182366,40.5625,22.583334,2026-02-03,
1.0182366,40.5625,22.583334,2026-02-04,
1.0182366,40.5625,22.583334,2026-02-05,
1.0182366,40.5625,22.583334,2026-02-06,
1.0182366,40.5625,22.583334,2026-02-07,
1.0182366,40.5625,22.583334,2026-02-08,
1.0182366,40.5625,22.583334,2026-02-09,
1.0182366,40.5625,22.625,2026-01-10,
1.0182366,40.5625,22.625,2026-01-11,
1.0182366,40.5625,22.625,2026-01-12,
1.0182366,40.5625,22.625,2026-01-13,
1.0182366,40.5625,22.625,2026-01-14,
1.0182366,40.5625,22.625,2026-01-15,
1.0182366,40.5625,22.625,2026-01-16,
1.0182366,40.5625,22.625,2026-01-17,
1.0182366,40.5625,22.625,2026-01-18,
1.0182366,40.5625,22.625,2026-01-19,
1.0182366,40.5625,22.625,2026-01-20,
1.0182366,40.5625,22.625,2026-01-21,
1.0182366,40.5625,22.625,2026-01-22,
1.0182366,40.5625,22.625,2026-01-23,
1.0182366,40.5625,22.625,2026-01-24,
1.0182366,40.5625,22.625,2026-01-25,
1.0182366,40.5625,22.625,2026-01-26,
1.0182366,40.5625,22.625,2026-01-27,
1.0182366,40.5625,22.625,2026-01-28,
1.0182366,40.5625,22.625,2026-01-29,
1.0182366,40.5625,22.625,2026-01-30,
1.0182366,40.5625,22.625,2026-01-31,
1.0182366,40.5625,22.625,2026-02-01,
1.0182366,40.5625,22.625,2026-02-02,
1.0182366,40.5625,22.625,2026-02-03,
1.0182366,40.5625,22.625,2026-02-04,
1.0182366,40.5625,22.625,2026-02-05,
1.0182366,40.5625,22.625,2026-02-06,
1.0182366,40.5625,22.625,2026-02-07,
1.0182366,40.5625,22.625,2026-02-08,
1.0182366,40.5625,22.625,2026-02-09,
1.0182366,40.5625,22.666666,2026-01-10,
1.0182366,40.5625,22.666666,2026-01-11,
1.0182366,40.5625,22.666666,2026-01-12,
1.0182366,40.5625,22.666666,2026-01-13,
1.0182366,40.5625,22.666666,2026-01-14,
1.0182366,40.5625,22.666666,2026-01-15,
1.0182366,40.5625,22.666666,2026-01-16,
1.0182366,40.5625,22.666666,2026-01-17,
1.0182366,40.5625,22.666666,2026-01-18,
1.0182366,40.5625,22.666666,2026-01-19,
1.0182366,40.5625,22.666666,2026-01-20,
1.0182366,40.5625,22.666666,2026-01-21,
1.0182366,40.5625,22.666666,2026-01-22,
1.0182366,40.5625,22.666666,2026-01-23,
1.0182366,40.5625,22.666666,2026-01-24,
1.0182366,40.5625,22.666666,2026-01-25,
1.0182366,40.5625,22.666666,2026-01-26,
1.0182366,40.5625,22.666666,2026-01-27,
1.0182366,40.5625,22.666666,2026-01-28,
1.0182366,40.5625,22.666666,2026-01-29,
1.0182366,40.5625,22.666666,2026-01-30,
1.0182366,40.5625,22.666666,2026-01-31,
1.0182366,40.5625,22.666666,2026-02-01,
1.0182366,40.5625,22.666666,2026-02-02,
1.0182366,40.5625,22.666666,2026-02-03,
1.0182366,40.5625,22.666666,2026-02-04,
1.0182366,40.5625,22.666666,2026-02-05,
1.0182366,40.5625,22.666666,2026-02-06,
1.0182366,40.5625,22.666666,2026-02-07,
1.0182366,40.5625,22.666666,2026-02-08,
1.0182366,40.5625,22.666666,2026-02-09,
1.0182366,40.5625,22.708334,2026-01-10,
1.0182366,40.5625,22.708334,2026-01-11,
1.0182366,40.5625,22.708334,2026-01-12,
1.0182366,40.5625,22.708334,2026-01-13,
1.0182366,40.5625,22.708334,2026-01-14,
1.0182366,40.5625,22.708334,2026-01-15,
1.0182366,40.5625,22.708334,2026-01-16,
1.0182366,40.5625,22.708334,2026-01-17,
1.0182366,40.5625,22.708334,2026-01-18,
1.0182366,40.5625,22.708334,2026-01-19,
1.0182366,40.5625,22.708334,2026-01-20,
1.0182366,40.5625,22.708334,2026-01-21,
1.0182366,40.5625,22.708334,2026-01-22,
1.0182366,40.5625,22.708334,2026-01-23,
1.0182366,40.5625,22.708334,2026-01-24,
1.0182366,40.5625,22.708334,2026-01-25,
1.0182366,40.5625,22.708334,2026-01-26,
1.0182366,40.5625,22.708334,2026-01-27,
1.0182366,40.5625,22.708334,2026-01-28,
1.0182366,40.5625,22.708334,2026-01-29,
1.0182366,40.5625,22.708334,2026-01-30,
1.0182366,40.5625,22.708334,2026-01-31,
1.0182366,40.5625,22.708334,2026-02-01,
1.0182366,40.5625,22.708334,2026-02-02,
1.0182366,40.5625,22.708334,2026-02-03,
1.0182366,40.5625,22.708334,2026-02-04,
1.0182366,40.5625,22.708334,2026-02-05,
1.0182366,40.5625,22.708334,2026-02-06,
1.0182366,40.5625,22.708334,2026-02-07,
1.0182366,40.5625,22.708334,2026-02-08,
1.0182366,40.5625,22.708334,2026-02-09,
1.0182366,40.5625,22.75,2026-01-10,
1.0182366,40.5625,22.75,2026-01-11,
1.0182366,40.5625,22.75,2026-01-12,
1.0182366,40.5625,22.75,2026-01-13,
1.0182366,40.5625,22.75,2026-01-14,
1.0182366,40.5625,22.75,2026-01-15,
1.0182366,40.5625,22.75,2026-01-16,
1.0182366,40.5625,22.75,2026-01-17,
1.0182366,40.5625,22.75,2026-01-18,
1.0182366,40.5625,22.75,2026-01-19,
1.0182366,40.5625,22.75,2026-01-20,
1.0182366,40.5625,22.75,2026-01-21,
1.0182366,40.5625,22.75,2026-01-22,
1.0182366,40.5625,22.75,2026-01-23,
1.0182366,40.5625,22.75,2026-01-24,
1.0182366,40.5625,22.75,2026-01-25,
1.0182366,40.5625,22.75,2026-01-26,
1.0182366,40.5625,22.75,2026-01-27,
1.0182366,40.5625,22.75,2026-01-28,
1.0182366,40.5625,22.75,2026-01-29,
1.0182366,40.5625,22.75,2026-01-30,
1.0182366,40.5625,22.75,2026-01-31,
1.0182366,40.5625,22.75,2026-02-01,
1.0182366,40.5625,22.75,2026-02-02,
1.0182366,40.5625,22.75,2026-02-03,
1.0182366,40.5625,22.75,2026-02-04,
1.0182366,40.5625,22.75,2026-02-05,
1.0182366,40.5625,22.75,2026-02-06,
1.0182366,40.5625,22.75,2026-02-07,
1.0182366,40.5625,22.75,2026-02-08,
1.0182366,40.5625,22.75,2026-02-09,
1.0182366,40.5625,22.791666,2026-01-10,
1.0182366,40.5625,22.791666,2026-01-11,
1.0182366,40.5625,22.791666,2026-01-12,
1.0182366,40.5625,22.791666,2026-01-13,
1.0182366,40.5625,22.791666,2026-01-14,
1.0182366,40.5625,22.791666,2026-01-15,
1.0182366,40.5625,22.791666,2026-01-16,
1.0182366,40.5625,22.791666,2026-01-17,
1.0182366,40.5625,22.791666,2026-01-18,
1.0182366,40.5625,22.791666,2026-01-19,
1.0182366,40.5625,22.791666,2026-01-20,
1.0182366,40.5625,22.791666,2026-01-21,
1.0182366,40.5625,22.791666,2026-01-22,
1.0182366,40.5625,22.791666,2026-01-23,
1.0182366,40.5625,22.791666,2026-01-24,
1.0182366,40.5625,22.791666,2026-01-25,
1.0182366,40.5625,22.791666,2026-01-26,
1.0182366,40.5625,22.791666,2026-01-27,
1.0182366,40.5625,22.791666,2026-01-28,
1.0182366,40.5625,22.791666,2026-01-29,
1.0182366,40.5625,22.791666,2026-01-30,
1.0182366,40.5625,22.791666,2026-01-31,
1.0182366,40.5625,22.791666,2026-02-01,
1.0182366,40.5625,22.791666,2026-02-02,
1.0182366,40.5625,22.791666,2026-02-03,
1.0182366,40.5625,22.791666,2026-02-04,
1.0182366,40.5625,22.791666,2026-02-05,
1.0182366,40.5625,22.791666,2026-02-06,
1.0182366,40.5625,22.791666,2026-02-07,
1.0182366,40.5625,22.791666,2026-02-08,
1.0182366,40.5625,22.791666,2026-02-09,
1.0182366,40.5625,22.833334,2026-01-10,
1.0182366,40.5625,22.833334,2026-01-11,
1.0182366,40.5625,22.833334,2026-01-12,
1.0182366,40.5625,22.833334,2026-01-13,
1.0182366,40.5625,22.833334,2026-01-14,
1.0182366,40.5625,22.833334,2026-01-15,
1.0182366,40.5625,22.833334,2026-01-16,
1.0182366,40.5625,22.833334,2026-01-17,
1.0182366,40.5625,22.833334,2026-01-18,
1.0182366,40.5625,22.833334,2026-01-19,
1.0182366,40.5625,22.833334,2026-01-20,
1.0182366,40.5625,22.833334,2026-01-21,
1.0182366,40.5625,22.833334,2026-01-22,
1.0182366,40.5625,22.833334,2026-01-23,
1.0182366,40.5625,22.833334,2026-01-24,
1.0182366,40.5625,22.833334,2026-01-25,
1.0182366,40.5625,22.833334,2026-01-26,
1.0182366,40.5625,22.833334,2026-01-27,
1.0182366,40.5625,22.833334,2026-01-28,
1.0182366,40.5625,22.833334,2026-01-29,
1.0182366,40.5625,22.833334,2026-01-30,
1.0182366,40.5625,22.833334,2026-01-31,
1.0182366,40.5625,22.833334,2026-02-01,
1.0182366,40.5625,22.833334,2026-02-02,
1.0182366,40.5625,22.833334,2026-02-03,
1.0182366,40.5625,22.833334,2026-02-04,
1.0182366,40.5625,22.833334,2026-02-05,
1.0182366,40.5625,22.833334,2026-02-06,
1.0182366,40.5625,22.833334,2026-02-07,
1.0182366,40.5625,22.833334,2026-02-08,
1.0182366,40.5625,22.833334,2026-02-09,
1.0182366,40.5625,22.875,2026-01-10,
1.0182366,40.5625,22.875,2026-01-11,
1.0182366,40.5625,22.875,2026-01-12,
1.0182366,40.5625,22.875,2026-01-13,
1.0182366,40.5625,22.875,2026-01-14,
1.0182366,40.5625,22.875,2026-01-15,
1.0182366,40.5625,22.875,2026-01-16,
1.0182366,40.5625,22.875,2026-01-17,
1.0182366,40.5625,22.875,2026-01-18,
1.0182366,40.5625,22.875,2026-01-19,
1.0182366,40.5625,22.875,2026-01-20,
1.0182366,40.5625,22.875,2026-01-21,
1.0182366,40.5625,22.875,2026-01-22,
1.0182366,40.5625,22.875,2026-01-23,
1.0182366,40.5625,22.875,2026-01-24,
1.0182366,40.5625,22.875,2026-01-25,
1.0182366,40.5625,22.875,2026-01-26,
1.0182366,40.5625,22.875,2026-01-27,
1.0182366,40.5625,22.875,2026-01-28,
1.0182366,40.5625,22.875,2026-01-29,
1.0182366,40.5625,22.875,2026-01-30,
1.0182366,40.5625,22.875,2026-01-31,
1.0182366,40.5625,22.875,2026-02-01,
1.0182366,40.5625,22.875,2026-02-02,
1.0182366,40.5625,22.875,2026-02-03,
1.0182366,40.5625,22.875,2026-02-04,
1.0182366,40.5625,22.875,2026-02-05,
1.0182366,40.5625,22.875,2026-02-06,
1.0182366,40.5625,22.875,2026-02-07,
1.0182366,40.5625,22.875,2026-02-08,
1.0182366,40.5625,22.875,2026-02-09,
1.0182366,40.5625,22.916666,2026-01-10,
1.0182366,40.5625,22.916666,2026-01-11,
1.0182366,40.5625,22.916666,2026-01-12,
1.0182366,40.5625,22.916666,2026-01-13,
1.0182366,40.5625,22.916666,2026-01-14,
1.0182366,40.5625,22.916666,2026-01-15,
1.0182366,40.5625,22.916666,2026-01-16,
1.0182366,40.5625,22.916666,2026-01-17,
1.0182366,40.5625,22.916666,2026-01-18,
1.0182366,40.5625,22.916666,2026-01-19,
1.0182366,40.5625,22.916666,2026-01-20,
1.0182366,40.5625,22.916666,2026-01-21,
1.0182366,40.5625,22.916666,2026-01-22,
1.0182366,40.5625,22.916666,2026-01-23,
1.0182366,40.5625,22.916666,2026-01-24,
1.0182366,40.5625,22.916666,2026-01-25,
1.0182366,40.5625,22.916666,2026-01-26,
1.0182366,40.5625,22.916666,2026-01-27,
1.0182366,40.5625,22.916666,2026-01-28,
1.0182366,40.5625,22.916666,2026-01-29,
1.0182366,40.5625,22.916666,2026-01-30,
1.0182366,40.5625,22.916666,2026-01-31,
1.0182366,40.5625,22.916666,2026-02-01,
1.0182366,40.5625,22.916666,2026-02-02,
1.0182366,40.5625,22.916666,2026-02-03,
1.0182366,40.5625,22.916666,2026-02-04,
1.0182366,40.5625,22.916666,2026-02-05,
1.0182366,40.5625,22.916666,2026-02-06,
1.0182366,40.5625,22.916666,2026-02-07,
1.0182366,40.5625,22.916666,2026-02-08,
1.0182366,40.5625,22.916666,2026-02-09,
1.0182366,40.5625,22.958334,2026-01-10,
1.0182366,40.5625,22.958334,2026-01-11,
1.0182366,40.5625,22.958334,2026-01-12,
1.0182366,40.5625,22.958334,2026-01-13,
1.0182366,40.5625,22.958334,2026-01-14,
1.0182366,40.5625,22.958334,2026-01-15,
1.0182366,40.5625,22.958334,2026-01-16,
1.0182366,40.5625,22.958334,2026-01-17,
1.0182366,40.5625,22.958334,2026-01-18,
1.0182366,40.5625,22.958334,2026-01-19,
1.0182366,40.5625,22.958334,2026-01-20,
1.0182366,40.5625,22.958334,2026-01-21,
1.0182366,40.5625,22.958334,2026-01-22,
1.0182366,40.5625,22.958334,2026-01-23,
1.0182366,40.5625,22.958334,2026-01-24,
1.0182366,40.5625,22.958334,2026-01-25,
1.0182366,40.5625,22.958334,2026-01-26,
1.0182366,40.5625,22.958334,2026-01-27,
1.0182366,40.5625,22.958334,2026-01-28,
1.0182366,40.5625,22.958334,2026-01-29,
1.0182366,40.5625,22.958334,2026-01-30,
1.0182366,40.5625,22.958334,2026-01-31,
1.0182366,40.5625,22.958334,2026-02-01,
1.0182366,40.5625,22.958334,2026-02-02,
1.0182366,40.5625,22.958334,2026-02-03,
1.0182366,40.5625,22.958334,2026-02-04,
1.0182366,40.5625,22.958334,2026-02-05,
1.0182366,40.5625,22.958334,2026-02-06,
1.0182366,40.5625,22.958334,2026-02-07,
1.0182366,40.5625,22.958334,2026-02-08,
1.0182366,40.5625,22.958334,2026-02-09,
1.0182366,40.5625,23.0,2026-01-10,
1.0182366,40.5625,23.0,2026-01-11,
1.0182366,40.5625,23.0,2026-01-12,
1.0182366,40.5625,23.0,2026-01-13,
1.0182366,40.5625,23.0,2026-01-14,
1.0182366,40.5625,23.0,2026-01-15,
1.0182366,40.5625,23.0,2026-01-16,
1.0182366,40.5625,23.0,2026-01-17,
1.0182366,40.5625,23.0,2026-01-18,
1.0182366,40.5625,23.0,2026-01-19,
1.0182366,40.5625,23.0,2026-01-20,
1.0182366,40.5625,23.0,2026-01-21,
1.0182366,40.5625,23.0,2026-01-22,
1.0182366,40.5625,23.0,2026-01-23,
1.0182366,40.5625,23.0,2026-01-24,
1.0182366,40.5625,23.0,2026-01-25,
1.0182366,40.5625,23.0,2026-01-26,
1.0182366,40.5625,23.0,2026-01-27,
1.0182366,40.5625,23.0,2026-01-28,
1.0182366,40.5625,23.0,2026-01-29,
1.0182366,40.5625,23.0,2026-01-30,
1.0182366,40.5625,23.0,2026-01-31,
1.0182366,40.5625,23.0,2026-02-01,
1.0182366,40.5625,23.0,2026-02-02,
1.0182366,40.5625,23.0,2026-02-03,
1.0182366,40.5625,23.0,2026-02-04,
1.0182366,40.5625,23.0,2026-02-05,
1.0182366,40.5625,23.0,2026-02-06,
1.0182366,40.5625,23.0,2026-02-07,
1.0182366,40.5625,23.0,2026-02-08,
1.0182366,40.5625,23.0,2026-02-09,
1.0182366,40.604168,22.5,2026-01-10,
1.0182366,40.604168,22.5,2026-01-11,
1.0182366,40.604168,22.5,2026-01-12,
1.0182366,40.604168,22.5,2026-01-13,
1.0182366,40.604168,22.5,2026-01-14,
1.0182366,40.604168,22.5,2026-01-15,
1.0182366,40.604168,22.5,2026-01-16,
1.0182366,40.604168,22.5,2026-01-17,
1.0182366,40.604168,22.5,2026-01-18,
1.0182366,40.604168,22.5,2026-01-19,
1.0182366,40.604168,22.5,2026-01-20,
1.0182366,40.604168,22.5,2026-01-21,
1.0182366,40.604168,22.5,2026-01-22,
1.0182366,40.604168,22.5,2026-01-23,
1.0182366,40.604168,22.5,2026-01-24,
1.0182366,40.604168,22.5,2026-01-25,
1.0182366,40.604168,22.5,2026-01-26,
1.0182366,40.604168,22.5,2026-01-27,
1.0182366,40.604168,22.5,2026-01-28,
1.0182366,40.604168,22.5,2026-01-29,
1.0182366,40.604168,22.5,2026-01-30,
1.0182366,40.604168,22.5,2026-01-31,
1.0182366,40.604168,22.5,2026-02-01,
1.0182366,40.604168,22.5,2026-02-02,
1.0182366,40.604168,22.5,2026-02-03,
1.0182366,40.604168,22.5,2026-02-04,
1.0182366,40.604168,22.5,2026-02-05,
1.0182366,40.604168,22.5,2026-02-06,
1.0182366,40.604168,22.5,2026-02-07,
1.0182366,40.604168,22.5,2026-02-08,
1.0182366,40.604168,22.5,2026-02-09,
1.0182366,40.604168,22.541666,2026-01-10,
1.0182366,40.604168,22.541666,2026-01-11,
1.0182366,40.604168,22.541666,2026-01-12,
1.0182366,40.604168,22.541666,2026-01-13,
1.0182366,40.604168,22.541666,2026-01-14,
1.0182366,40.604168,22.541666,2026-01-15,
1.0182366,40.604168,22.541666,2026-01-16,
1.0182366,40.604168,22.541666,2026-01-17,
1.0182366,40.604168,22.541666,2026-01-18,
1.0182366,40.604168,22.541666,2026-01-19,
1.0182366,40.604168,22.541666,2026-01-20,
1.0182366,40.604168,22.541666,2026-01-21,
1.0182366,40.604168,22.541666,2026-01-22,
1.0182366,40.604168,22.541666,2026-01-23,
1.0182366,40.604168,22.541666,2026-01-24,
1.0182366,40.604168,22.541666,2026-01-25,
1.0182366,40.604168,22.541666,2026-01-26,
1.0182366,40.604168,22.541666,2026-01-27,
1.0182366,40.604168,22.541666,2026-01-28,
1.0182366,40.604168,22.541666,2026-01-29,
1.0182366,40.604168,22.541666,2026-01-30,
1.0182366,40.604168,22.541666,2026-01-31,
1.0182366,40.604168,22.541666,2026-02-01,
1.0182366,40.604168,22.541666,2026-02-02,
1.0182366,40.604168,22.541666,2026-02-03,
1.0182366,40.604168,22.541666,2026-02-04,
1.0182366,40.604168,22.541666,2026-02-05,
1.0182366,40.604168,22.541666,2026-02-06,
1.0182366,40.604168,22.541666,2026-02-07,
1.0182366,40.604168,22.541666,2026-02-08,
1.0182366,40.604168,22.541666,2026-02-09,
1.0182366,40.604168,22.583334,2026-01-10,
1.0182366,40.604168,22.583334,2026-01-11,
1.0182366,40.604168,22.583334,2026-01-12,
1.0182366,40.604168,22.583334,2026-01-13,
1.0182366,40.604168,22.583334,2026-01-14,
1.0182366,40.604168,22.583334,2026-01-15,
1.0182366,40.604168,22.583334,2026-01-16,
1.0182366,40.604168,22.583334,2026-01-17,
1.0182366,40.604168,22.583334,2026-01-18,
1.0182366,40.604168,22.583334,2026-01-19,
1.0182366,40.604168,22.583334,2026-01-20,
1.0182366,40.604168,22.583334,2026-01-21,
1.0182366,40.604168,22.583334,2026-01-22,
1.0182366,40.604168,22.583334,2026-01-23,
1.0182366,40.604168,22.583334,2026-01-24,
1.0182366,40.604168,22.583334,2026-01-25,
1.0182366,40.604168,22.583334,2026-01-26,
1.0182366,40.604168,22.583334,2026-01-27,
1.0182366,40.604168,22.583334,2026-01-28,
1.0182366,40.604168,22.583334,2026-01-29,
1.0182366,40.604168,22.583334,2026-01-30,
1.0182366,40.604168,22.583334,2026-01-31,
1.0182366,40.604168,22.583334,2026-02-01,
1.0182366,40.604168,22.583334,2026-02-02,
1.0182366,40.604168,22.583334,2026-02-03,
1.0182366,40.604168,22.583334,2026-02-04,
1.0182366,40.604168,22.583334,2026-02-05,
1.0182366,40.604168,22.583334,2026-02-06,
1.0182366,40.604168,22.583334,2026-02-07,
1.0182366,40.604168,22.583334,2026-02-08,
1.0182366,40.604168,22.583334,2026-02-09,
1.0182366,40.604168,22.625,2026-01-10,
1.0182366,40.604168,22.625,2026-01-11,
1.0182366,40.604168,22.625,2026-01-12,
1.0182366,40.604168,22.625,2026-01-13,
1.0182366,40.604168,22.625,2026-01-14,
1.0182366,40.604168,22.625,2026-01-15,
1.0182366,40.604168,22.625,2026-01-16,
1.0182366,40.604168,22.625,2026-01-17,
1.0182366,40.604168,22.625,2026-01-18,
1.0182366,40.604168,22.625,2026-01-19,
1.0182366,40.604168,22.625,2026-01-20,
1.0182366,40.604168,22.625,2026-01-21,
1.0182366,40.604168,22.625,2026-01-22,
1.0182366,40.604168,22.625,2026-01-23,
1.0182366,40.604168,22.625,2026-01-24,
1.0182366,40.604168,22.625,2026-01-25,
1.0182366,40.604168,22.625,2026-01-26,
1.0182366,40.604168,22.625,2026-01-27,
1.0182366,40.604168,22.625,2026-01-28,
1.0182366,40.604168,22.625,2026-01-29,
1.0182366,40.604168,22.625,2026-01-30,
1.0182366,40.604168,22.625,2026-01-31,
1.0182366,40.604168,22.625,2026-02-01,
1.0182366,40.604168,22.625,2026-02-02,
1.0182366,40.604168,22.625,2026-02-03,
1.0182366,40.604168,22.625,2026-02-04,
1.0182366,40.604168,22.625,2026-02-05,
1.0182366,40.604168,22.625,2026-02-06,
1.0182366,40.604168,22.625,2026-02-07,
1.0182366,40.604168,22.625,2026-02-08,
1.0182366,40.604168,22.625,2026-02-09,
1.0182366,40.604168,22.666666,2026-01-10,
1.0182366,40.604168,22.666666,2026-01-11,
1.0182366,40.604168,22.666666,2026-01-12,
1.0182366,40.604168,22.666666,2026-01-13,
1.0182366,40.604168,22.666666,2026-01-14,
1.0182366,40.604168,22.666666,2026-01-15,
1.0182366,40.604168,22.666666,2026-01-16,
1.0182366,40.604168,22.666666,2026-01-17,
1.0182366,40.604168,22.666666,2026-01-18,
1.0182366,40.604168,22.666666,2026-01-19,
1.0182366,40.604168,22.666666,2026-01-20,
1.0182366,40.604168,22.666666,2026-01-21,
1.0182366,40.604168,22.666666,2026-01-22,
1.0182366,40.604168,22.666666,2026-01-23,
1.0182366,40.604168,22.666666,2026-01-24,
1.0182366,40.604168,22.666666,2026-01-25,
1.0182366,40.604168,22.666666,2026-01-26,
1.0182366,40.604168,22.666666,2026-01-27,
1.0182366,40.604168,22.666666,2026-01-28,
1.0182366,40.604168,22.666666,2026-01-29,
1.0182366,40.604168,22.666666,2026-01-30,
1.0182366,40.604168,22.666666,2026-01-31,
1.0182366,40.604168,22.666666,2026-02-01,
1.0182366,40.604168,22.666666,2026-02-02,
1.0182366,40.604168,22.666666,2026-02-03,
1.0182366,40.604168,22.666666,2026-02-04,
1.0182366,40.604168,22.666666,2026-02-05,
1.0182366,40.604168,22.666666,2026-02-06,
1.0182366,40.604168,22.666666,2026-02-07,
1.0182366,40.604168,22.666666,2026-02-08,
1.0182366,40.604168,22.666666,2026-02-09,
1.0182366,40.604168,22.708334,2026-01-10,
1.0182366,40.604168,22.708334,2026-01-11,
1.0182366,40.604168,22.708334,2026-01-12,
1.0182366,40.604168,22.708334,2026-01-13,
1.0182366,40.604168,22.708334,2026-01-14,
1.0182366,40.604168,22.708334,2026-01-15,
1.0182366,40.604168,22.708334,2026-01-16,
1.0182366,40.604168,22.708334,2026-01-17,
1.0182366,40.604168,22.708334,2026-01-18,
1.0182366,40.604168,22.708334,2026-01-19,
1.0182366,40.604168,22.708334,2026-01-20,
1.0182366,40.604168,22.708334,2026-01-21,
1.0182366,40.604168,22.708334,2026-01-22,
1.0182366,40.604168,22.708334,2026-01-23,
1.0182366,40.604168,22.708334,2026-01-24,
1.0182366,40.604168,22.708334,2026-01-25,
1.0182366,40.604168,22.708334,2026-01-26,
1.0182366,40.604168,22.708334,2026-01-27,
1.0182366,40.604168,22.708334,2026-01-28,
1.0182366,40.604168,22.708334,2026-01-29,
1.0182366,40.604168,22.708334,2026-01-30,
1.0182366,40.604168,22.708334,2026-01-31,
1.0182366,40.604168,22.708334,2026-02-01,
1.0182366,40.604168,22.708334,2026-02-02,
1.0182366,40.604168,22.708334,2026-02-03,
1.0182366,40.604168,22.708334,2026-02-04,
1.0182366,40.604168,22.708334,2026-02-05,
1.0182366,40.604168,22.708334,2026-02-06,
1.0182366,40.604168,22.708334,2026-02-07,
1.0182366,40.604168,22.708334,2026-02-08,
1.0182366,40.604168,22.708334,2026-02-09,
1.0182366,40.604168,22.75,2026-01-10,
1.0182366,40.604168,22.75,2026-01-11,
1.0182366,40.604168,22.75,2026-01-12,
1.0182366,40.604168,22.75,2026-01-13,
1.0182366,40.604168,22.75,2026-01-14,
1.0182366,40.604168,22.75,2026-01-15,
1.0182366,40.604168,22.75,2026-01-16,
1.0182366,40.604168,22.75,2026-01-17,
1.0182366,40.604168,22.75,2026-01-18,
1.0182366,40.604168,22.75,2026-01-19,
1.0182366,40.604168,22.75,2026-01-20,
1.0182366,40.604168,22.75,2026-01-21,
1.0182366,40.604168,22.75,2026-01-22,
1.0182366,40.604168,22.75,2026-01-23,
1.0182366,40.604168,22.75,2026-01-24,
1.0182366,40.604168,22.75,2026-01-25,
1.0182366,40.604168,22.75,2026-01-26,
1.0182366,40.604168,22.75,2026-01-27,
1.0182366,40.604168,22.75,2026-01-28,
1.0182366,40.604168,22.75,2026-01-29,
1.0182366,40.604168,22.75,2026-01-30,
1.0182366,40.604168,22.75,2026-01-31,
1.0182366,40.604168,22.75,2026-02-01,
1.0182366,40.604168,22.75,2026-02-02,
1.0182366,40.604168,22.75,2026-02-03,
1.0182366,40.604168,22.75,2026-02-04,
1.0182366,40.604168,22.75,2026-02-05,
1.0182366,40.604168,22.75,2026-02-06,
1.0182366,40.604168,22.75,2026-02-07,
1.0182366,40.604168,22.75,2026-02-08,
1.0182366,40.604168,22.75,2026-02-09,
1.0182366,40.604168,22.791666,2026-01-10,
1.0182366,40.604168,22.791666,2026-01-11,
1.0182366,40.604168,22.791666,2026-01-12,
1.0182366,40.604168,22.791666,2026-01-13,
1.0182366,40.604168,22.791666,2026-01-14,
1.0182366,40.604168,22.791666,2026-01-15,
1.0182366,40.604168,22.791666,2026-01-16,
1.0182366,40.604168,22.791666,2026-01-17,
1.0182366,40.604168,22.791666,2026-01-18,
1.0182366,40.604168,22.791666,2026-01-19,
1.0182366,40.604168,22.791666,2026-01-20,
1.0182366,40.604168,22.791666,2026-01-21,
1.0182366,40.604168,22.791666,2026-01-22,
1.0182366,40.604168,22.791666,2026-01-23,
1.0182366,40.604168,22.791666,2026-01-24,
1.0182366,40.604168,22.791666,2026-01-25,
1.0182366,40.604168,22.791666,2026-01-26,
1.0182366,40.604168,22.791666,2026-01-27,
1.0182366,40.604168,22.791666,2026-01-28,
1.0182366,40.604168,22.791666,2026-01-29,
1.0182366,40.604168,22.791666,2026-01-30,
1.0182366,40.604168,22.791666,2026-01-31,
1.0182366,40.604168,22.791666,2026-02-01,
1.0182366,40.604168,22.791666,2026-02-02,
1.0182366,40.604168,22.791666,2026-02-03,
1.0182366,40.604168,22.791666,2026-02-04,
1.0182366,40.604168,22.791666,2026-02-05,
1.0182366,40.604168,22.791666,2026-02-06,
1.0182366,40.604168,22.791666,2026-02-07,
1.0182366,40.604168,22.791666,2026-02-08,
1.0182366,40.604168,22.791666,2026-02-09,
1.0182366,40.604168,22.833334,2026-01-10,
1.0182366,40.604168,22.833334,2026-01-11,
1.0182366,40.604168,22.833334,2026-01-12,
1.0182366,40.604168,22.833334,2026-01-13,
1.0182366,40.604168,22.833334,2026-01-14,
1.0182366,40.604168,22.833334,2026-01-15,
1.0182366,40.604168,22.833334,2026-01-16,
1.0182366,40.604168,22.833334,2026-01-17,
1.0182366,40.604168,22.833334,2026-01-18,
1.0182366,40.604168,22.833334,2026-01-19,
1.0182366,40.604168,22.833334,2026-01-20,
1.0182366,40.604168,22.833334,2026-01-21,
1.0182366,40.604168,22.833334,2026-01-22,
1.0182366,40.604168,22.833334,2026-01-23,
1.0182366,40.604168,22.833334,2026-01-24,
1.0182366,40.604168,22.833334,2026-01-25,
1.0182366,40.604168,22.833334,2026-01-26,
1.0182366,40.604168,22.833334,2026-01-27,
1.0182366,40.604168,22.833334,2026-01-28,
1.0182366,40.604168,22.833334,2026-01-29,
1.0182366,40.604168,22.833334,2026-01-30,
1.0182366,40.604168,22.833334,2026-01-31,
1.0182366,40.604168,22.833334,2026-02-01,
1.0182366,40.604168,22.833334,2026-02-02,
1.0182366,40.604168,22.833334,2026-02-03,
1.0182366,40.604168,22.833334,2026-02-04,
1.0182366,40.604168,22.833334,2026-02-05,
1.0182366,40.604168,22.833334,2026-02-06,
1.0182366,40.604168,22.833334,2026-02-07,
1.0182366,40.604168,22.833334,2026-02-08,
1.0182366,40.604168,22.833334,2026-02-09,
1.0182366,40.604168,22.875,2026-01-10,
1.0182366,40.604168,22.875,2026-01-11,
1.0182366,40.604168,22.875,2026-01-12,
1.0182366,40.604168,22.875,2026-01-13,
1.0182366,40.604168,22.875,2026-01-14,
1.0182366,40.604168,22.875,2026-01-15,
1.0182366,40.604168,22.875,2026-01-16,
1.0182366,40.604168,22.875,2026-01-17,
1.0182366,40.604168,22.875,2026-01-18,
1.0182366,40.604168,22.875,2026-01-19,
1.0182366,40.604168,22.875,2026-01-20,
1.0182366,40.604168,22.875,2026-01-21,
1.0182366,40.604168,22.875,2026-01-22,
1.0182366,40.604168,22.875,2026-01-23,
1.0182366,40.604168,22.875,2026-01-24,
1.0182366,40.604168,22.875,2026-01-25,
1.0182366,40.604168,22.875,2026-01-26,
1.0182366,40.604168,22.875,2026-01-27,
1.0182366,40.604168,22.875,2026-01-28,
1.0182366,40.604168,22.875,2026-01-29,
1.0182366,40.604168,22.875,2026-01-30,
1.0182366,40.604168,22.875,2026-01-31,
1.0182366,40.604168,22.875,2026-02-01,
1.0182366,40.604168,22.875,2026-02-02,
1.0182366,40.604168,22.875,2026-02-03,
1.0182366,40.604168,22.875,2026-02-04,
1.0182366,40.604168,22.875,2026-02-05,
1.0182366,40.604168,22.875,2026-02-06,
1.0182366,40.604168,22.875,2026-02-07,
1.0182366,40.604168,22.875,2026-02-08,
1.0182366,40.604168,22.875,2026-02-09,
1.0182366,40.604168,22.916666,2026-01-10,
1.0182366,40.604168,22.916666,2026-01-11,
1.0182366,40.604168,22.916666,2026-01-12,
1.0182366,40.604168,22.916666,2026-01-13,
1.0182366,40.604168,22.916666,2026-01-14,
1.0182366,40.604168,22.916666,2026-01-15,
1.0182366,40.604168,22.916666,2026-01-16,
1.0182366,40.604168,22.916666,2026-01-17,
1.0182366,40.604168,22.916666,2026-01-18,
1.0182366,40.604168,22.916666,2026-01-19,
1.0182366,40.604168,22.916666,2026-01-20,
1.0182366,40.604168,22.916666,2026-01-21,
1.0182366,40.604168,22.916666,2026-01-22,
1.0182366,40.604168,22.916666,2026-01-23,
1.0182366,40.604168,22.916666,2026-01-24,
1.0182366,40.604168,22.916666,2026-01-25,
1.0182366,40.604168,22.916666,2026-01-26,
1.0182366,40.604168,22.916666,2026-01-27,
1.0182366,40.604168,22.916666,2026-01-28,
1.0182366,40.604168,22.916666,2026-01-29,
1.0182366,40.604168,22.916666,2026-01-30,
1.0182366,40.604168,22.916666,2026-01-31,
1.0182366,40.604168,22.916666,2026-02-01,
1.0182366,40.604168,22.916666,2026-02-02,
1.0182366,40.604168,22.916666,2026-02-03,
1.0182366,40.604168,22.916666,2026-02-04,
1.0182366,40.604168,22.916666,2026-02-05,
1.0182366,40.604168,22.916666,2026-02-06,
1.0182366,40.604168,22.916666,2026-02-07,
1.0182366,40.604168,22.916666,2026-02-08,
1.0182366,40.604168,22.916666,2026-02-09,
1.0182366,40.604168,22.958334,2026-01-10,
1.0182366,40.604168,22.958334,2026-01-11,
1.0182366,40.604168,22.958334,2026-01-12,
1.0182366,40.604168,22.958334,2026-01-13,
1.0182366,40.604168,22.958334,2026-01-14,
1.0182366,40.604168,22.958334,2026-01-15,
1.0182366,40.604168,22.958334,2026-01-16,
1.0182366,40.604168,22.958334,2026-01-17,
1.0182366,40.604168,22.958334,2026-01-18,
1.0182366,40.604168,22.958334,2026-01-19,
1.0182366,40.604168,22.958334,2026-01-20,
1.0182366,40.604168,22.958334,2026-01-21,
1.0182366,40.604168,22.958334,2026-01-22,
1.0182366,40.604168,22.958334,2026-01-23,
1.0182366,40.604168,22.958334,2026-01-24,
1.0182366,40.604168,22.958334,2026-01-25,
1.0182366,40.604168,22.958334,2026-01-26,
1.0182366,40.604168,22.958334,2026-01-27,
1.0182366,40.604168,22.958334,2026-01-28,
1.0182366,40.604168,22.958334,2026-01-29,
1.0182366,40.604168,22.958334,2026-01-30,
1.0182366,40.604168,22.958334,2026-01-31,
1.0182366,40.604168,22.958334,2026-02-01,
1.0182366,40.604168,22.958334,2026-02-02,
1.0182366,40.604168,22.958334,2026-02-03,
1.0182366,40.604168,22.958334,2026-02-04,
1.0182366,40.604168,22.958334,2026-02-05,
1.0182366,40.604168,22.958334,2026-02-06,
1.0182366,40.604168,22.958334,2026-02-07,
1.0182366,40.604168,22.958334,2026-02-08,
1.0182366,40.604168,22.958334,2026-02-09,
1.0182366,40.604168,23.0,2026-01-10,
1.0182366,40.604168,23.0,2026-01-11,
1.0182366,40.604168,23.0,2026-01-12,
1.0182366,40.604168,23.0,2026-01-13,
1.0182366,40.604168,23.0,2026-01-14,
1.0182366,40.604168,23.0,2026-01-15,
1.0182366,40.604168,23.0,2026-01-16,
1.0182366,40.604168,23.0,2026-01-17,
1.0182366,40.604168,23.0,2026-01-18,
1.0182366,40.604168,23.0,2026-01-19,
1.0182366,40.604168,23.0,2026-01-20,
1.0182366,40.604168,23.0,2026-01-21,
1.0182366,40.604168,23.0,2026-01-22,
1.0182366,40.604168,23.0,2026-01-23,
1.0182366,40.604168,23.0,2026-01-24,
1.0182366,40.604168,23.0,2026-01-25,
1.0182366,40.604168,23.0,2026-01-26,
1.0182366,40.604168,23.0,2026-01-27,
1.0182366,40.604168,23.0,2026-01-28,
1.0182366,40.604168,23.0,2026-01-29,
1.0182366,40.604168,23.0,2026-01-30,
1.0182366,40.604168,23.0,2026-01-31,
1.0182366,40.604168,23.0,2026-02-01,
1.0182366,40.604168,23.0,2026-02-02,
1.0182366,40.604168,23.0,2026-02-03,
1.0182366,40.604168,23.0,2026-02-04,
1.0182366,40.604168,23.0,2026-02-05,
1.0182366,40.604168,23.0,2026-02-06,
1.0182366,40.604168,23.0,2026-02-07,
1.0182366,40.604168,23.0,2026-02-08,
1.0182366,40.604168,23.0,2026-02-09,
1.0182366,40.645832,22.5,2026-01-10,
1.0182366,40.645832,22.5,2026-01-11,
1.0182366,40.645832,22.5,2026-01-12,
1.0182366,40.645832,22.5,2026-01-13,
1.0182366,40.645832,22.5,2026-01-14,
1.0182366,40.645832,22.5,2026-01-15,
1.0182366,40.645832,22.5,2026-01-16,
1.0182366,40.645832,22.5,2026-01-17,
1.0182366,40.645832,22.5,2026-01-18,
1.0182366,40.645832,22.5,2026-01-19,
1.0182366,40.645832,22.5,2026-01-20,
1.0182366,40.645832,22.5,2026-01-21,
1.0182366,40.645832,22.5,2026-01-22,
1.0182366,40.645832,22.5,2026-01-23,
1.0182366,40.645832,22.5,2026-01-24,
1.0182366,40.645832,22.5,2026-01-25,
1.0182366,40.645832,22.5,2026-01-26,
1.0182366,40.645832,22.5,2026-01-27,
1.0182366,40.645832,22.5,2026-01-28,
1.0182366,40.645832,22.5,2026-01-29,
1.0182366,40.645832,22.5,2026-01-30,
1.0182366,40.645832,22.5,2026-01-31,
1.0182366,40.645832,22.5,2026-02-01,
1.0182366,40.645832,22.5,2026-02-02,
1.0182366,40.645832,22.5,2026-02-03,
1.0182366,40.645832,22.5,2026-02-04,
1.0182366,40.645832,22.5,2026-02-05,
1.0182366,40.645832,22.5,2026-02-06,
1.0182366,40.645832,22.5,2026-02-07,
1.0182366,40.645832,22.5,2026-02-08,
1.0182366,40.645832,22.5,2026-02-09,
1.0182366,40.645832,22.541666,2026-01-10,
1.0182366,40.645832,22.541666,2026-01-11,
1.0182366,40.645832,22.541666,2026-01-12,
1.0182366,40.645832,22.541666,2026-01-13,
1.0182366,40.645832,22.541666,2026-01-14,
1.0182366,40.645832,22.541666,2026-01-15,
1.0182366,40.645832,22.541666,2026-01-16,
1.0182366,40.645832,22.541666,2026-01-17,
1.0182366,40.645832,22.541666,2026-01-18,
1.0182366,40.645832,22.541666,2026-01-19,
1.0182366,40.645832,22.541666,2026-01-20,
1.0182366,40.645832,22.541666,2026-01-21,
1.0182366,40.645832,22.541666,2026-01-22,
1.0182366,40.645832,22.541666,2026-01-23,
1.0182366,40.645832,22.541666,2026-01-24,
1.0182366,40.645832,22.541666,2026-01-25,
1.0182366,40.645832,22.541666,2026-01-26,
1.0182366,40.645832,22.541666,2026-01-27,
1.0182366,40.645832,22.541666,2026-01-28,
1.0182366,40.645832,22.541666,2026-01-29,
1.0182366,40.645832,22.541666,2026-01-30,
1.0182366,40.645832,22.541666,2026-01-31,
1.0182366,40.645832,22.541666,2026-02-01,
1.0182366,40.645832,22.541666,2026-02-02,
1.0182366,40.645832,22.541666,2026-02-03,
1.0182366,40.645832,22.541666,2026-02-04,
1.0182366,40.645832,22.541666,2026-02-05,
1.0182366,40.645832,22.541666,2026-02-06,
1.0182366,40.645832,22.541666,2026-02-07,
1.0182366,40.645832,22.541666,2026-02-08,
1.0182366,40.645832,22.541666,2026-02-09,
1.0182366,40.645832,22.583334,2026-01-10,
1.0182366,40.645832,22.583334,2026-01-11,
1.0182366,40.645832,22.583334,2026-01-12,
1.0182366,40.645832,22.583334,2026-01-13,
1.0182366,40.645832,22.583334,2026-01-14,
1.0182366,40.645832,22.583334,2026-01-15,
1.0182366,40.645832,22.583334,2026-01-16,
1.0182366,40.645832,22.583334,2026-01-17,
1.0182366,40.645832,22.583334,2026-01-18,
1.0182366,40.645832,22.583334,2026-01-19,
1.0182366,40.645832,22.583334,2026-01-20,
1.0182366,40.645832,22.583334,2026-01-21,
1.0182366,40.645832,22.583334,2026-01-22,
1.0182366,40.645832,22.583334,2026-01-23,
1.0182366,40.645832,22.583334,2026-01-24,
1.0182366,40.645832,22.583334,2026-01-25,
1.0182366,40.645832,22.583334,2026-01-26,
1.0182366,40.645832,22.583334,2026-01-27,
1.0182366,40.645832,22.583334,2026-01-28,
1.0182366,40.645832,22.583334,2026-01-29,
1.0182366,40.645832,22.583334,2026-01-30,
1.0182366,40.645832,22.583334,2026-01-31,
1.0182366,40.645832,22.583334,2026-02-01,
1.0182366,40.645832,22.583334,2026-02-02,
1.0182366,40.645832,22.583334,2026-02-03,
1.0182366,40.645832,22.583334,2026-02-04,
1.0182366,40.645832,22.583334,2026-02-05,
1.0182366,40.645832,22.583334,2026-02-06,
1.0182366,40.645832,22.583334,2026-02-07,
1.0182366,40.645832,22.583334,2026-02-08,
1.0182366,40.645832,22.583334,2026-02-09,
1.0182366,40.645832,22.625,2026-01-10,
1.0182366,40.645832,22.625,2026-01-11,
1.0182366,40.645832,22.625,2026-01-12,
1.0182366,40.645832,22.625,2026-01-13,
1.0182366,40.645832,22.625,2026-01-14,
1.0182366,40.645832,22.625,2026-01-15,
1.0182366,40.645832,22.625,2026-01-16,
1.0182366,40.645832,22.625,2026-01-17,
1.0182366,40.645832,22.625,2026-01-18,
1.0182366,40.645832,22.625,2026-01-19,
1.0182366,40.645832,22.625,2026-01-20,
1.0182366,40.645832,22.625,2026-01-21,
1.0182366,40.645832,22.625,2026-01-22,
1.0182366,40.645832,22.625,2026-01-23,
1.0182366,40.645832,22.625,2026-01-24,
1.0182366,40.645832,22.625,2026-01-25,
1.0182366,40.645832,22.625,2026-01-26,
1.0182366,40.645832,22.625,2026-01-27,
1.0182366,40.645832,22.625,2026-01-28,
1.0182366,40.645832,22.625,2026-01-29,
1.0182366,40.645832,22.625,2026-01-30,
1.0182366,40.645832,22.625,2026-01-31,
1.0182366,40.645832,22.625,2026-02-01,
1.0182366,40.645832,22.625,2026-02-02,
1.0182366,40.645832,22.625,2026-02-03,
1.0182366,40.645832,22.625,2026-02-04,
1.0182366,40.645832,22.625,2026-02-05,
1.0182366,40.645832,22.625,2026-02-06,
1.0182366,40.645832,22.625,2026-02-07,
1.0182366,40.645832,22.625,2026-02-08,
1.0182366,40.645832,22.625,2026-02-09,
1.0182366,40.645832,22.666666,2026-01-10,
1.0182366,40.645832,22.666666,2026-01-11,
1.0182366,40.645832,22.666666,2026-01-12,
1.0182366,40.645832,22.666666,2026-01-13,
1.0182366,40.645832,22.666666,2026-01-14,
1.0182366,40.645832,22.666666,2026-01-15,
1.0182366,40.645832,22.666666,2026-01-16,
1.0182366,40.645832,22.666666,2026-01-17,
1.0182366,40.645832,22.666666,2026-01-18,
1.0182366,40.645832,22.666666,2026-01-19,
1.0182366,40.645832,22.666666,2026-01-20,
1.0182366,40.645832,22.666666,2026-01-21,
1.0182366,40.645832,22.666666,2026-01-22,
1.0182366,40.645832,22.666666,2026-01-23,
1.0182366,40.645832,22.666666,2026-01-24,
1.0182366,40.645832,22.666666,2026-01-25,
1.0182366,40.645832,22.666666,2026-01-26,
1.0182366,40.645832,22.666666,2026-01-27,
1.0182366,40.645832,22.666666,2026-01-28,
1.0182366,40.645832,22.666666,2026-01-29,
1.0182366,40.645832,22.666666,2026-01-30,
1.0182366,40.645832,22.666666,2026-01-31,
1.0182366,40.645832,22.666666,2026-02-01,
1.0182366,40.645832,22.666666,2026-02-02,
1.0182366,40.645832,22.666666,2026-02-03,
1.0182366,40.645832,22.666666,2026-02-04,
1.0182366,40.645832,22.666666,2026-02-05,
1.0182366,40.645832,22.666666,2026-02-06,
1.0182366,40.645832,22.666666,2026-02-07,
1.0182366,40.645832,22.666666,2026-02-08,
1.0182366,40.645832,22.666666,2026-02-09,
1.0182366,40.645832,22.708334,2026-01-10,
1.0182366,40.645832,22.708334,2026-01-11,
1.0182366,40.645832,22.708334,2026-01-12,
1.0182366,40.645832,22.708334,2026-01-13,
1.0182366,40.645832,22.708334,2026-01-14,
1.0182366,40.645832,22.708334,2026-01-15,
1.0182366,40.645832,22.708334,2026-01-16,
1.0182366,40.645832,22.708334,2026-01-17,
1.0182366,40.645832,22.708334,2026-01-18,
1.0182366,40.645832,22.708334,2026-01-19,
1.0182366,40.645832,22.708334,2026-01-20,
1.0182366,40.645832,22.708334,2026-01-21,
1.0182366,40.645832,22.708334,2026-01-22,
1.0182366,40.645832,22.708334,2026-01-23,
1.0182366,40.645832,22.708334,2026-01-24,
1.0182366,40.645832,22.708334,2026-01-25,
1.0182366,40.645832,22.708334,2026-01-26,
1.0182366,40.645832,22.708334,2026-01-27,
1.0182366,40.645832,22.708334,2026-01-28,
1.0182366,40.645832,22.708334,2026-01-29,
1.0182366,40.645832,22.708334,2026-01-30,
1.0182366,40.645832,22.708334,2026-01-31,
1.0182366,40.645832,22.708334,2026-02-01,
1.0182366,40.645832,22.708334,2026-02-02,
1.0182366,40.645832,22.708334,2026-02-03,
1.0182366,40.645832,22.708334,2026-02-04,
1.0182366,40.645832,22.708334,2026-02-05,
1.0182366,40.645832,22.708334,2026-02-06,
1.0182366,40.645832,22.708334,2026-02-07,
1.0182366,40.645832,22.708334,2026-02-08,
1.0182366,40.645832,22.708334,2026-02-09,
1.0182366,40.645832,22.75,2026-01-10,
1.0182366,40.645832,22.75,2026-01-11,
1.0182366,40.645832,22.75,2026-01-12,
1.0182366,40.645832,22.75,2026-01-13,
1.0182366,40.645832,22.75,2026-01-14,
1.0182366,40.645832,22.75,2026-01-15,
1.0182366,40.645832,22.75,2026-01-16,
1.0182366,40.645832,22.75,2026-01-17,
1.0182366,40.645832,22.75,2026-01-18,
1.0182366,40.645832,22.75,2026-01-19,
1.0182366,40.645832,22.75,2026-01-20,
1.0182366,40.645832,22.75,2026-01-21,
1.0182366,40.645832,22.75,2026-01-22,
1.0182366,40.645832,22.75,2026-01-23,
1.0182366,40.645832,22.75,2026-01-24,
1.0182366,40.645832,22.75,2026-01-25,
1.0182366,40.645832,22.75,2026-01-26,
1.0182366,40.645832,22.75,2026-01-27,
1.0182366,40.645832,22.75,2026-01-28,
1.0182366,40.645832,22.75,2026-01-29,
1.0182366,40.645832,22.75,2026-01-30,
1.0182366,40.645832,22.75,2026-01-31,
1.0182366,40.645832,22.75,2026-02-01,
1.0182366,40.645832,22.75,2026-02-02,
1.0182366,40.645832,22.75,2026-02-03,
1.0182366,40.645832,22.75,2026-02-04,
1.0182366,40.645832,22.75,2026-02-05,
1.0182366,40.645832,22.75,2026-02-06,
1.0182366,40.645832,22.75,2026-02-07,
1.0182366,40.645832,22.75,2026-02-08,
1.0182366,40.645832,22.75,2026-02-09,
1.0182366,40.645832,22.791666,2026-01-10,
1.0182366,40.645832,22.791666,2026-01-11,
1.0182366,40.645832,22.791666,2026-01-12,
1.0182366,40.645832,22.791666,2026-01-13,
1.0182366,40.645832,22.791666,2026-01-14,
1.0182366,40.645832,22.791666,2026-01-15,
1.0182366,40.645832,22.791666,2026-01-16,
1.0182366,40.645832,22.791666,2026-01-17,
1.0182366,40.645832,22.791666,2026-01-18,
1.0182366,40.645832,22.791666,2026-01-19,
1.0182366,40.645832,22.791666,2026-01-20,
1.0182366,40.645832,22.791666,2026-01-21,
1.0182366,40.645832,22.791666,2026-01-22,
1.0182366,40.645832,22.791666,2026-01-23,
1.0182366,40.645832,22.791666,2026-01-24,
1.0182366,40.645832,22.791666,2026-01-25,
1.0182366,40.645832,22.791666,2026-01-26,
1.0182366,40.645832,22.791666,2026-01-27,
1.0182366,40.645832,22.791666,2026-01-28,
1.0182366,40.645832,22.791666,2026-01-29,
1.0182366,40.645832,22.791666,2026-01-30,
1.0182366,40.645832,22.791666,2026-01-31,
1.0182366,40.645832,22.791666,2026-02-01,
1.0182366,40.645832,22.791666,2026-02-02,
1.0182366,40.645832,22.791666,2026-02-03,
1.0182366,40.645832,22.791666,2026-02-04,
1.0182366,40.645832,22.791666,2026-02-05,
1.0182366,40.645832,22.791666,2026-02-06,
1.0182366,40.645832,22.791666,2026-02-07,
1.0182366,40.645832,22.791666,2026-02-08,
1.0182366,40.645832,22.791666,2026-02-09,
1.0182366,40.645832,22.833334,2026-01-10,
1.0182366,40.645832,22.833334,2026-01-11,
1.0182366,40.645832,22.833334,2026-01-12,
1.0182366,40.645832,22.833334,2026-01-13,
1.0182366,40.645832,22.833334,2026-01-14,
1.0182366,40.645832,22.833334,2026-01-15,
1.0182366,40.645832,22.833334,2026-01-16,
1.0182366,40.645832,22.833334,2026-01-17,
1.0182366,40.645832,22.833334,2026-01-18,
1.0182366,40.645832,22.833334,2026-01-19,
1.0182366,40.645832,22.833334,2026-01-20,
1.0182366,40.645832,22.833334,2026-01-21,
1.0182366,40.645832,22.833334,2026-01-22,
1.0182366,40.645832,22.833334,2026-01-23,
1.0182366,40.645832,22.833334,2026-01-24,
1.0182366,40.645832,22.833334,2026-01-25,
1.0182366,40.645832,22.833334,2026-01-26,
1.0182366,40.645832,22.833334,2026-01-27,
1.0182366,40.645832,22.833334,2026-01-28,
1.0182366,40.645832,22.833334,2026-01-29,
1.0182366,40.645832,22.833334,2026-01-30,
1.0182366,40.645832,22.833334,2026-01-31,
1.0182366,40.645832,22.833334,2026-02-01,
1.0182366,40.645832,22.833334,2026-02-02,
1.0182366,40.645832,22.833334,2026-02-03,
1.0182366,40.645832,22.833334,2026-02-04,
1.0182366,40.645832,22.833334,2026-02-05,
1.0182366,40.645832,22.833334,2026-02-06,
1.0182366,40.645832,22.833334,2026-02-07,
1.0182366,40.645832,22.833334,2026-02-08,
1.0182366,40.645832,22.833334,2026-02-09,
1.0182366,40.645832,22.875,2026-01-10,
1.0182366,40.645832,22.875,2026-01-11,
1.0182366,40.645832,22.875,2026-01-12,
1.0182366,40.645832,22.875,2026-01-13,
1.0182366,40.645832,22.875,2026-01-14,
1.0182366,40.645832,22.875,2026-01-15,
1.0182366,40.645832,22.875,2026-01-16,
1.0182366,40.645832,22.875,2026-01-17,
1.0182366,40.645832,22.875,2026-01-18,
1.0182366,40.645832,22.875,2026-01-19,
1.0182366,40.645832,22.875,2026-01-20,
1.0182366,40.645832,22.875,2026-01-21,
1.0182366,40.645832,22.875,2026-01-22,
1.0182366,40.645832,22.875,2026-01-23,
1.0182366,40.645832,22.875,2026-01-24,
1.0182366,40.645832,22.875,2026-01-25,
1.0182366,40.645832,22.875,2026-01-26,
1.0182366,40.645832,22.875,2026-01-27,
1.0182366,40.645832,22.875,2026-01-28,
1.0182366,40.645832,22.875,2026-01-29,
1.0182366,40.645832,22.875,2026-01-30,
1.0182366,40.645832,22.875,2026-01-31,
1.0182366,40.645832,22.875,2026-02-01,
1.0182366,40.645832,22.875,2026-02-02,
1.0182366,40.645832,22.875,2026-02-03,
1.0182366,40.645832,22.875,2026-02-04,
1.0182366,40.645832,22.875,2026-02-05,
1.0182366,40.645832,22.875,2026-02-06,
1.0182366,40.645832,22.875,2026-02-07,
1.0182366,40.645832,22.875,2026-02-08,
1.0182366,40.645832,22.875,2026-02-09,
1.0182366,40.645832,22.916666,2026-01-10,
1.0182366,40.645832,22.916666,2026-01-11,
1.0182366,40.645832,22.916666,2026-01-12,
1.0182366,40.645832,22.916666,2026-01-13,
1.0182366,40.645832,22.916666,2026-01-14,
1.0182366,40.645832,22.916666,2026-01-15,
1.0182366,40.645832,22.916666,2026-01-16,
1.0182366,40.645832,22.916666,2026-01-17,
1.0182366,40.645832,22.916666,2026-01-18,
1.0182366,40.645832,22.916666,2026-01-19,
1.0182366,40.645832,22.916666,2026-01-20,
1.0182366,40.645832,22.916666,2026-01-21,
1.0182366,40.645832,22.916666,2026-01-22,
1.0182366,40.645832,22.916666,2026-01-23,
1.0182366,40.645832,22.916666,2026-01-24,
1.0182366,40.645832,22.916666,2026-01-25,
1.0182366,40.645832,22.916666,2026-01-26,
1.0182366,40.645832,22.916666,2026-01-27,
1.0182366,40.645832,22.916666,2026-01-28,
1.0182366,40.645832,22.916666,2026-01-29,
1.0182366,40.645832,22.916666,2026-01-30,
1.0182366,40.645832,22.916666,2026-01-31,
1.0182366,40.645832,22.916666,2026-02-01,
1.0182366,40.645832,22.916666,2026-02-02,
1.0182366,40.645832,22.916666,2026-02-03,
1.0182366,40.645832,22.916666,2026-02-04,
1.0182366,40.645832,22.916666,2026-02-05,
1.0182366,40.645832,22.916666,2026-02-06,
1.0182366,40.645832,22.916666,2026-02-07,
1.0182366,40.645832,22.916666,2026-02-08,
1.0182366,40.645832,22.916666,2026-02-09,
1.0182366,40.645832,22.958334,2026-01-10,
1.0182366,40.645832,22.958334,2026-01-11,
1.0182366,40.645832,22.958334,2026-01-12,
1.0182366,40.645832,22.958334,2026-01-13,
1.0182366,40.645832,22.958334,2026-01-14,
1.0182366,40.645832,22.958334,2026-01-15,
1.0182366,40.645832,22.958334,2026-01-16,
1.0182366,40.645832,22.958334,2026-01-17,
1.0182366,40.645832,22.958334,2026-01-18,
1.0182366,40.645832,22.958334,2026-01-19,
1.0182366,40.645832,22.958334,2026-01-20,
1.0182366,40.645832,22.958334,2026-01-21,
1.0182366,40.645832,22.958334,2026-01-22,
1.0182366,40.645832,22.958334,2026-01-23,
1.0182366,40.645832,22.958334,2026-01-24,
1.0182366,40.645832,22.958334,2026-01-25,
1.0182366,40.645832,22.958334,2026-01-26,
1.0182366,40.645832,22.958334,2026-01-27,
1.0182366,40.645832,22.958334,2026-01-28,
1.0182366,40.645832,22.958334,2026-01-29,
1.0182366,40.645832,22.958334,2026-01-30,
1.0182366,40.645832,22.958334,2026-01-31,
1.0182366,40.645832,22.958334,2026-02-01,
1.0182366,40.645832,22.958334,2026-02-02,
1.0182366,40.645832,22.958334,2026-02-03,
1.0182366,40.645832,22.958334,2026-02-04,
1.0182366,40.645832,22.958334,2026-02-05,
1.0182366,40.645832,22.958334,2026-02-06,
1.0182366,40.645832,22.958334,2026-02-07,
1.0182366,40.645832,22.958334,2026-02-08,
1.0182366,40.645832,22.958334,2026-02-09,
1.0182366,40.645832,23.0,2026-01-10,
1.0182366,40.645832,23.0,2026-01-11,
1.0182366,40.645832,23.0,2026-01-12,
1.0182366,40.645832,23.0,2026-01-13,
1.0182366,40.645832,23.0,2026-01-14,
1.0182366,40.645832,23.0,2026-01-15,
1.0182366,40.645832,23.0,2026-01-16,
1.0182366,40.645832,23.0,2026-01-17,
1.0182366,40.645832,23.0,2026-01-18,
1.0182366,40.645832,23.0,2026-01-19,
1.0182366,40.645832,23.0,2026-01-20,
1.0182366,40.645832,23.0,2026-01-21,
1.0182366,40.645832,23.0,2026-01-22,
1.0182366,40.645832,23.0,2026-01-23,
1.0182366,40.645832,23.0,2026-01-24,
1.0182366,40.645832,23.0,2026-01-25,
1.0182366,40.645832,23.0,2026-01-26,
1.0182366,40.645832,23.0,2026-01-27,
1.0182366,40.645832,23.0,2026-01-28,
1.0182366,40.645832,23.0,2026-01-29,
1.0182366,40.645832,23.0,2026-01-30,
1.0182366,40.645832,23.0,2026-01-31,
1.0182366,40.645832,23.0,2026-02-01,
1.0182366,40.645832,23.0,2026-02-02,
1.0182366,40.645832,23.0,2026-02-03,
1.0182366,40.645832,23.0,2026-02-04,
1.0182366,40.645832,23.0,2026-02-05,
1.0182366,40.645832,23.0,2026-02-06,
1.0182366,40.645832,23.0,2026-02-07,
1.0182366,40.645832,23.0,2026-02-08,
1.0182366,40.645832,23.0,2026-02-09,
1.0182366,40.6875,22.5,2026-01-10,
1.0182366,40.6875,22.5,2026-01-11,
1.0182366,40.6875,22.5,2026-01-12,
1.0182366,40.6875,22.5,2026-01-13,
1.0182366,40.6875,22.5,2026-01-14,
1.0182366,40.6875,22.5,2026-01-15,
1.0182366,40.6875,22.5,2026-01-16,
1.0182366,40.6875,22.5,2026-01-17,
1.0182366,40.6875,22.5,2026-01-18,
1.0182366,40.6875,22.5,2026-01-19,
1.0182366,40.6875,22.5,2026-01-20,
1.0182366,40.6875,22.5,2026-01-21,
1.0182366,40.6875,22.5,2026-01-22,
1.0182366,40.6875,22.5,2026-01-23,
1.0182366,40.6875,22.5,2026-01-24,
1.0182366,40.6875,22.5,2026-01-25,
1.0182366,40.6875,22.5,2026-01-26,
1.0182366,40.6875,22.5,2026-01-27,
1.0182366,40.6875,22.5,2026-01-28,
1.0182366,40.6875,22.5,2026-01-29,
1.0182366,40.6875,22.5,2026-01-30,
1.0182366,40.6875,22.5,2026-01-31,
1.0182366,40.6875,22.5,2026-02-01,
1.0182366,40.6875,22.5,2026-02-02,
1.0182366,40.6875,22.5,2026-02-03,
1.0182366,40.6875,22.5,2026-02-04,
1.0182366,40.6875,22.5,2026-02-05,
1.0182366,40.6875,22.5,2026-02-06,
1.0182366,40.6875,22.5,2026-02-07,
1.0182366,40.6875,22.5,2026-02-08,
1.0182366,40.6875,22.5,2026-02-09,
1.0182366,40.6875,22.541666,2026-01-10,
1.0182366,40.6875,22.541666,2026-01-11,
1.0182366,40.6875,22.541666,2026-01-12,
1.0182366,40.6875,22.541666,2026-01-13,
1.0182366,40.6875,22.541666,2026-01-14,
1.0182366,40.6875,22.541666,2026-01-15,
1.0182366,40.6875,22.541666,2026-01-16,
1.0182366,40.6875,22.541666,2026-01-17,
1.0182366,40.6875,22.541666,2026-01-18,
1.0182366,40.6875,22.541666,2026-01-19,
1.0182366,40.6875,22.541666,2026-01-20,
1.0182366,40.6875,22.541666,2026-01-21,
1.0182366,40.6875,22.541666,2026-01-22,
1.0182366,40.6875,22.541666,2026-01-23,
1.0182366,40.6875,22.541666,2026-01-24,
1.0182366,40.6875,22.541666,2026-01-25,
1.0182366,40.6875,22.541666,2026-01-26,
1.0182366,40.6875,22.541666,2026-01-27,
1.0182366,40.6875,22.541666,2026-01-28,
1.0182366,40.6875,22.541666,2026-01-29,
1.0182366,40.6875,22.541666,2026-01-30,
1.0182366,40.6875,22.541666,2026-01-31,
1.0182366,40.6875,22.541666,2026-02-01,
1.0182366,40.6875,22.541666,2026-02-02,
1.0182366,40.6875,22.541666,2026-02-03,
1.0182366,40.6875,22.541666,2026-02-04,
1.0182366,40.6875,22.541666,2026-02-05,
1.0182366,40.6875,22.541666,2026-02-06,
1.0182366,40.6875,22.541666,2026-02-07,
1.0182366,40.6875,22.541666,2026-02-08,
1.0182366,40.6875,22.541666,2026-02-09,
1.0182366,40.6875,22.583334,2026-01-10,
1.0182366,40.6875,22.583334,2026-01-11,
1.0182366,40.6875,22.583334,2026-01-12,
1.0182366,40.6875,22.583334,2026-01-13,
1.0182366,40.6875,22.583334,2026-01-14,
1.0182366,40.6875,22.583334,2026-01-15,
1.0182366,40.6875,22.583334,2026-01-16,
1.0182366,40.6875,22.583334,2026-01-17,
1.0182366,40.6875,22.583334,2026-01-18,
1.0182366,40.6875,22.583334,2026-01-19,
1.0182366,40.6875,22.583334,2026-01-20,
1.0182366,40.6875,22.583334,2026-01-21,
1.0182366,40.6875,22.583334,2026-01-22,
1.0182366,40.6875,22.583334,2026-01-23,
1.0182366,40.6875,22.583334,2026-01-24,
1.0182366,40.6875,22.583334,2026-01-25,
1.0182366,40.6875,22.583334,2026-01-26,
1.0182366,40.6875,22.583334,2026-01-27,
1.0182366,40.6875,22.583334,2026-01-28,
1.0182366,40.6875,22.583334,2026-01-29,
1.0182366,40.6875,22.583334,2026-01-30,
1.0182366,40.6875,22.583334,2026-01-31,
1.0182366,40.6875,22.583334,2026-02-01,
1.0182366,40.6875,22.583334,2026-02-02,
1.0182366,40.6875,22.583334,2026-02-03,
1.0182366,40.6875,22.583334,2026-02-04,
1.0182366,40.6875,22.583334,2026-02-05,
1.0182366,40.6875,22.583334,2026-02-06,
1.0182366,40.6875,22.583334,2026-02-07,
1.0182366,40.6875,22.583334,2026-02-08,
1.0182366,40.6875,22.583334,2026-02-09,
1.0182366,40.6875,22.625,2026-01-10,
1.0182366,40.6875,22.625,2026-01-11,
1.0182366,40.6875,22.625,2026-01-12,
1.0182366,40.6875,22.625,2026-01-13,
1.0182366,40.6875,22.625,2026-01-14,
1.0182366,40.6875,22.625,2026-01-15,
1.0182366,40.6875,22.625,2026-01-16,
1.0182366,40.6875,22.625,2026-01-17,
1.0182366,40.6875,22.625,2026-01-18,
1.0182366,40.6875,22.625,2026-01-19,
1.0182366,40.6875,22.625,2026-01-20,
1.0182366,40.6875,22.625,2026-01-21,
1.0182366,40.6875,22.625,2026-01-22,
1.0182366,40.6875,22.625,2026-01-23,
1.0182366,40.6875,22.625,2026-01-24,
1.0182366,40.6875,22.625,2026-01-25,
1.0182366,40.6875,22.625,2026-01-26,
1.0182366,40.6875,22.625,2026-01-27,
1.0182366,40.6875,22.625,2026-01-28,
1.0182366,40.6875,22.625,2026-01-29,
1.0182366,40.6875,22.625,2026-01-30,
1.0182366,40.6875,22.625,2026-01-31,
1.0182366,40.6875,22.625,2026-02-01,
1.0182366,40.6875,22.625,2026-02-02,
1.0182366,40.6875,22.625,2026-02-03,
1.0182366,40.6875,22.625,2026-02-04,
1.0182366,40.6875,22.625,2026-02-05,
1.0182366,40.6875,22.625,2026-02-06,
1.0182366,40.6875,22.625,2026-02-07,
1.0182366,40.6875,22.625,2026-02-08,
1.0182366,40.6875,22.625,2026-02-09,
1.0182366,40.6875,22.666666,2026-01-10,
1.0182366,40.6875,22.666666,2026-01-11,
1.0182366,40.6875,22.666666,2026-01-12,
1.0182366,40.6875,22.666666,2026-01-13,
1.0182366,40.6875,22.666666,2026-01-14,
1.0182366,40.6875,22.666666,2026-01-15,
1.0182366,40.6875,22.666666,2026-01-16,
1.0182366,40.6875,22.666666,2026-01-17,
1.0182366,40.6875,22.666666,2026-01-18,
1.0182366,40.6875,22.666666,2026-01-19,
1.0182366,40.6875,22.666666,2026-01-20,
1.0182366,40.6875,22.666666,2026-01-21,
1.0182366,40.6875,22.666666,2026-01-22,
1.0182366,40.6875,22.666666,2026-01-23,
1.0182366,40.6875,22.666666,2026-01-24,
1.0182366,40.6875,22.666666,2026-01-25,
1.0182366,40.6875,22.666666,2026-01-26,
1.0182366,40.6875,22.666666,2026-01-27,
1.0182366,40.6875,22.666666,2026-01-28,
1.0182366,40.6875,22.666666,2026-01-29,
1.0182366,40.6875,22.666666,2026-01-30,
1.0182366,40.6875,22.666666,2026-01-31,
1.0182366,40.6875,22.666666,2026-02-01,
1.0182366,40.6875,22.666666,2026-02-02,
1.0182366,40.6875,22.666666,2026-02-03,
1.0182366,40.6875,22.666666,2026-02-04,
1.0182366,40.6875,22.666666,2026-02-05,
1.0182366,40.6875,22.666666,2026-02-06,
1.0182366,40.6875,22.666666,2026-02-07,
1.0182366,40.6875,22.666666,2026-02-08,
1.0182366,40.6875,22.666666,2026-02-09,
1.0182366,40.6875,22.708334,2026-01-10,
1.0182366,40.6875,22.708334,2026-01-11,
1.0182366,40.6875,22.708334,2026-01-12,
1.0182366,40.6875,22.708334,2026-01-13,
1.0182366,40.6875,22.708334,2026-01-14,
1.0182366,40.6875,22.708334,2026-01-15,
1.0182366,40.6875,22.708334,2026-01-16,
1.0182366,40.6875,22.708334,2026-01-17,
1.0182366,40.6875,22.708334,2026-01-18,
1.0182366,40.6875,22.708334,2026-01-19,
1.0182366,40.6875,22.708334,2026-01-20,
1.0182366,40.6875,22.708334,2026-01-21,
1.0182366,40.6875,22.708334,2026-01-22,
1.0182366,40.6875,22.708334,2026-01-23,
1.0182366,40.6875,22.708334,2026-01-24,
1.0182366,40.6875,22.708334,2026-01-25,
1.0182366,40.6875,22.708334,2026-01-26,
1.0182366,40.6875,22.708334,2026-01-27,
1.0182366,40.6875,22.708334,2026-01-28,
1.0182366,40.6875,22.708334,2026-01-29,
1.0182366,40.6875,22.708334,2026-01-30,
1.0182366,40.6875,22.708334,2026-01-31,
1.0182366,40.6875,22.708334,2026-02-01,
1.0182366,40.6875,22.708334,2026-02-02,
1.0182366,40.6875,22.708334,2026-02-03,
1.0182366,40.6875,22.708334,2026-02-04,
1.0182366,40.6875,22.708334,2026-02-05,
1.0182366,40.6875,22.708334,2026-02-06,
1.0182366,40.6875,22.708334,2026-02-07,
1.0182366,40.6875,22.708334,2026-02-08,
1.0182366,40.6875,22.708334,2026-02-09,
1.0182366,40.6875,22.75,2026-01-10,
1.0182366,40.6875,22.75,2026-01-11,
1.0182366,40.6875,22.75,2026-01-12,
1.0182366,40.6875,22.75,2026-01-13,
1.0182366,40.6875,22.75,2026-01-14,
1.0182366,40.6875,22.75,2026-01-15,
1.0182366,40.6875,22.75,2026-01-16,
1.0182366,40.6875,22.75,2026-01-17,
1.0182366,40.6875,22.75,2026-01-18,
1.0182366,40.6875,22.75,2026-01-19,
1.0182366,40.6875,22.75,2026-01-20,
1.0182366,40.6875,22.75,2026-01-21,
1.0182366,40.6875,22.75,2026-01-22,
1.0182366,40.6875,22.75,2026-01-23,
1.0182366,40.6875,22.75,2026-01-24,
1.0182366,40.6875,22.75,2026-01-25,
1.0182366,40.6875,22.75,2026-01-26,
1.0182366,40.6875,22.75,2026-01-27,
1.0182366,40.6875,22.75,2026-01-28,
1.0182366,40.6875,22.75,2026-01-29,
1.0182366,40.6875,22.75,2026-01-30,
1.0182366,40.6875,22.75,2026-01-31,
1.0182366,40.6875,22.75,2026-02-01,
1.0182366,40.6875,22.75,2026-02-02,
1.0182366,40.6875,22.75,2026-02-03,
1.0182366,40.6875,22.75,2026-02-04,
1.0182366,40.6875,22.75,2026-02-05,
1.0182366,40.6875,22.75,2026-02-06,
1.0182366,40.6875,22.75,2026-02-07,
1.0182366,40.6875,22.75,2026-02-08,
1.0182366,40.6875,22.75,2026-02-09,
1.0182366,40.6875,22.791666,2026-01-10,
1.0182366,40.6875,22.791666,2026-01-11,
1.0182366,40.6875,22.791666,2026-01-12,
1.0182366,40.6875,22.791666,2026-01-13,
1.0182366,40.6875,22.791666,2026-01-14,
1.0182366,40.6875,22.791666,2026-01-15,
1.0182366,40.6875,22.791666,2026-01-16,
1.0182366,40.6875,22.791666,2026-01-17,
1.0182366,40.6875,22.791666,2026-01-18,
1.0182366,40.6875,22.791666,2026-01-19,
1.0182366,40.6875,22.791666,2026-01-20,
1.0182366,40.6875,22.791666,2026-01-21,
1.0182366,40.6875,22.791666,2026-01-22,
1.0182366,40.6875,22.791666,2026-01-23,
1.0182366,40.6875,22.791666,2026-01-24,
1.0182366,40.6875,22.791666,2026-01-25,
1.0182366,40.6875,22.791666,2026-01-26,
1.0182366,40.6875,22.791666,2026-01-27,
1.0182366,40.6875,22.791666,2026-01-28,
1.0182366,40.6875,22.791666,2026-01-29,
1.0182366,40.6875,22.791666,2026-01-30,
1.0182366,40.6875,22.791666,2026-01-31,
1.0182366,40.6875,22.791666,2026-02-01,
1.0182366,40.6875,22.791666,2026-02-02,
1.0182366,40.6875,22.791666,2026-02-03,
1.0182366,40.6875,22.791666,2026-02-04,
1.0182366,40.6875,22.791666,2026-02-05,
1.0182366,40.6875,22.791666,2026-02-06,
1.0182366,40.6875,22.791666,2026-02-07,
1.0182366,40.6875,22.791666,2026-02-08,
1.0182366,40.6875,22.791666,2026-02-09,
1.0182366,40.6875,22.833334,2026-01-10,
1.0182366,40.6875,22.833334,2026-01-11,
1.0182366,40.6875,22.833334,2026-01-12,
1.0182366,40.6875,22.833334,2026-01-13,
1.0182366,40.6875,22.833334,2026-01-14,
1.0182366,40.6875,22.833334,2026-01-15,
1.0182366,40.6875,22.833334,2026-01-16,
1.0182366,40.6875,22.833334,2026-01-17,
1.0182366,40.6875,22.833334,2026-01-18,
1.0182366,40.6875,22.833334,2026-01-19,
1.0182366,40.6875,22.833334,2026-01-20,
1.0182366,40.6875,22.833334,2026-01-21,
1.0182366,40.6875,22.833334,2026-01-22,
1.0182366,40.6875,22.833334,2026-01-23,
1.0182366,40.6875,22.833334,2026-01-24,
1.0182366,40.6875,22.833334,2026-01-25,
1.0182366,40.6875,22.833334,2026-01-26,
1.0182366,40.6875,22.833334,2026-01-27,
1.0182366,40.6875,22.833334,2026-01-28,
1.0182366,40.6875,22.833334,2026-01-29,
1.0182366,40.6875,22.833334,2026-01-30,
1.0182366,40.6875,22.833334,2026-01-31,
1.0182366,40.6875,22.833334,2026-02-01,
1.0182366,40.6875,22.833334,2026-02-02,
1.0182366,40.6875,22.833334,2026-02-03,
1.0182366,40.6875,22.833334,2026-02-04,
1.0182366,40.6875,22.833334,2026-02-05,
1.0182366,40.6875,22.833334,2026-02-06,
1.0182366,40.6875,22.833334,2026-02-07,
1.0182366,40.6875,22.833334,2026-02-08,
1.0182366,40.6875,22.833334,2026-02-09,
1.0182366,40.6875,22.875,2026-01-10,
1.0182366,40.6875,22.875,2026-01-11,
1.0182366,40.6875,22.875,2026-01-12,
1.0182366,40.6875,22.875,2026-01-13,
1.0182366,40.6875,22.875,2026-01-14,
1.0182366,40.6875,22.875,2026-01-15,
1.0182366,40.6875,22.875,2026-01-16,
1.0182366,40.6875,22.875,2026-01-17,
1.0182366,40.6875,22.875,2026-01-18,
1.0182366,40.6875,22.875,2026-01-19,
1.0182366,40.6875,22.875,2026-01-20,
1.0182366,40.6875,22.875,2026-01-21,
1.0182366,40.6875,22.875,2026-01-22,
1.0182366,40.6875,22.875,2026-01-23,
1.0182366,40.6875,22.875,2026-01-24,
1.0182366,40.6875,22.875,2026-01-25,
1.0182366,40.6875,22.875,2026-01-26,
1.0182366,40.6875,22.875,2026-01-27,
1.0182366,40.6875,22.875,2026-01-28,
1.0182366,40.6875,22.875,2026-01-29,
1.0182366,40.6875,22.875,2026-01-30,
1.0182366,40.6875,22.875,2026-01-31,
1.0182366,40.6875,22.875,2026-02-01,
1.0182366,40.6875,22.875,2026-02-02,
1.0182366,40.6875,22.875,2026-02-03,
1.0182366,40.6875,22.875,2026-02-04,
1.0182366,40.6875,22.875,2026-02-05,
1.0182366,40.6875,22.875,2026-02-06,
1.0182366,40.6875,22.875,2026-02-07,
1.0182366,40.6875,22.875,2026-02-08,
1.0182366,40.6875,22.875,2026-02-09,
1.0182366,40.6875,22.916666,2026-01-10,
1.0182366,40.6875,22.916666,2026-01-11,
1.0182366,40.6875,22.916666,2026-01-12,
1.0182366,40.6875,22.916666,2026-01-13,
1.0182366,40.6875,22.916666,2026-01-14,
1.0182366,40.6875,22.916666,2026-01-15,
1.0182366,40.6875,22.916666,2026-01-16,
1.0182366,40.6875,22.916666,2026-01-17,
1.0182366,40.6875,22.916666,2026-01-18,
1.0182366,40.6875,22.916666,2026-01-19,
1.0182366,40.6875,22.916666,2026-01-20,
1.0182366,40.6875,22.916666,2026-01-21,
1.0182366,40.6875,22.916666,2026-01-22,
1.0182366,40.6875,22.916666,2026-01-23,
1.0182366,40.6875,22.916666,2026-01-24,
1.0182366,40.6875,22.916666,2026-01-25,
1.0182366,40.6875,22.916666,2026-01-26,
1.0182366,40.6875,22.916666,2026-01-27,
1.0182366,40.6875,22.916666,2026-01-28,
1.0182366,40.6875,22.916666,2026-01-29,
1.0182366,40.6875,22.916666,2026-01-30,
1.0182366,40.6875,22.916666,2026-01-31,
1.0182366,40.6875,22.916666,2026-02-01,
1.0182366,40.6875,22.916666,2026-02-02,
1.0182366,40.6875,22.916666,2026-02-03,
1.0182366,40.6875,22.916666,2026-02-04,
1.0182366,40.6875,22.916666,2026-02-05,
1.0182366,40.6875,22.916666,2026-02-06,
1.0182366,40.6875,22.916666,2026-02-07,
1.0182366,40.6875,22.916666,2026-02-08,
1.0182366,40.6875,22.916666,2026-02-09,
1.0182366,40.6875,22.958334,2026-01-10,
1.0182366,40.6875,22.958334,2026-01-11,
1.0182366,40.6875,22.958334,2026-01-12,
1.0182366,40.6875,22.958334,2026-01-13,
1.0182366,40.6875,22.958334,2026-01-14,
1.0182366,40.6875,22.958334,2026-01-15,
1.0182366,40.6875,22.958334,2026-01-16,
1.0182366,40.6875,22.958334,2026-01-17,
1.0182366,40.6875,22.958334,2026-01-18,
1.0182366,40.6875,22.958334,2026-01-19,
1.0182366,40.6875,22.958334,2026-01-20,
1.0182366,40.6875,22.958334,2026-01-21,
1.0182366,40.6875,22.958334,2026-01-22,
1.0182366,40.6875,22.958334,2026-01-23,
1.0182366,40.6875,22.958334,2026-01-24,
1.0182366,40.6875,22.958334,2026-01-25,
1.0182366,40.6875,22.958334,2026-01-26,
1.0182366,40.6875,22.958334,2026-01-27,
1.0182366,40.6875,22.958334,2026-01-28,
1.0182366,40.6875,22.958334,2026-01-29,
1.0182366,40.6875,22.958334,2026-01-30,
1.0182366,40.6875,22.958334,2026-01-31,
1.0182366,40.6875,22.958334,2026-02-01,
1.0182366,40.6875,22.958334,2026-02-02,
1.0182366,40.6875,22.958334,2026-02-03,
1.0182366,40.6875,22.958334,2026-02-04,
1.0182366,40.6875,22.958334,2026-02-05,
1.0182366,40.6875,22.958334,2026-02-06,
1.0182366,40.6875,22.958334,2026-02-07,
1.0182366,40.6875,22.958334,2026-02-08,
1.0182366,40.6875,22.958334,2026-02-09,
1.0182366,40.6875,23.0,2026-01-10,
1.0182366,40.6875,23.0,2026-01-11,
1.0182366,40.6875,23.0,2026-01-12,
1.0182366,40.6875,23.0,2026-01-13,
1.0182366,40.6875,23.0,2026-01-14,
1.0182366,40.6875,23.0,2026-01-15,
1.0182366,40.6875,23.0,2026-01-16,
1.0182366,40.6875,23.0,2026-01-17,
1.0182366,40.6875,23.0,2026-01-18,
1.0182366,40.6875,23.0,2026-01-19,
1.0182366,40.6875,23.0,2026-01-20,
1.0182366,40.6875,23.0,2026-01-21,
1.0182366,40.6875,23.0,2026-01-22,
1.0182366,40.6875,23.0,2026-01-23,
1.0182366,40.6875,23.0,2026-01-24,
1.0182366,40.6875,23.0,2026-01-25,
1.0182366,40.6875,23.0,2026-01-26,
1.0182366,40.6875,23.0,2026-01-27,
1.0182366,40.6875,23.0,2026-01-28,
1.0182366,40.6875,23.0,2026-01-29,
1.0182366,40.6875,23.0,2026-01-30,
1.0182366,40.6875,23.0,2026-01-31,
1.0182366,40.6875,23.0,2026-02-01,
1.0182366,40.6875,23.0,2026-02-02,
1.0182366,40.6875,23.0,2026-02-03,
1.0182366,40.6875,23.0,2026-02-04,
1.0182366,40.6875,23.0,2026-02-05,
1.0182366,40.6875,23.0,2026-02-06,
1.0182366,40.6875,23.0,2026-02-07,
1.0182366,40.6875,23.0,2026-02-08,
1.0182366,40.6875,23.0,2026-02-09,
3.1657474,40.229168,22.5,2026-01-10,
3.1657474,40.229168,22.5,2026-01-11,
3.1657474,40.229168,22.5,2026-01-12,
3.1657474,40.229168,22.5,2026-01-13,
3.1657474,40.229168,22.5,2026-01-14,
3.1657474,40.229168,22.5,2026-01-15,
3.1657474,40.229168,22.5,2026-01-16,
3.1657474,40.229168,22.5,2026-01-17,
3.1657474,40.229168,22.5,2026-01-18,
3.1657474,40.229168,22.5,2026-01-19,
3.1657474,40.229168,22.5,2026-01-20,
3.1657474,40.229168,22.5,2026-01-21,
3.1657474,40.229168,22.5,2026-01-22,
3.1657474,40.229168,22.5,2026-01-23,
3.1657474,40.229168,22.5,2026-01-24,
3.1657474,40.229168,22.5,2026-01-25,
3.1657474,40.229168,22.5,2026-01-26,
3.1657474,40.229168,22.5,2026-01-27,
3.1657474,40.229168,22.5,2026-01-28,
3.1657474,40.229168,22.5,2026-01-29,
3.1657474,40.229168,22.5,2026-01-30,
3.1657474,40.229168,22.5,2026-01-31,
3.1657474,40.229168,22.5,2026-02-01,
3.1657474,40.229168,22.5,2026-02-02,
3.1657474,40.229168,22.5,2026-02-03,
3.1657474,40.229168,22.5,2026-02-04,
3.1657474,40.229168,22.5,2026-02-05,
3.1657474,40.229168,22.5,2026-02-06,
3.1657474,40.229168,22.5,2026-02-07,
3.1657474,40.229168,22.5,2026-02-08,
3.1657474,40.229168,22.5,2026-02-09,
3.1657474,40.229168,22.541666,2026-01-10,
3.1657474,40.229168,22.541666,2026-01-11,
3.1657474,40.229168,22.541666,2026-01-12,
3.1657474,40.229168,22.541666,2026-01-13,
3.1657474,40.229168,22.541666,2026-01-14,
3.1657474,40.229168,22.541666,2026-01-15,
3.1657474,40.229168,22.541666,2026-01-16,
3.1657474,40.229168,22.541666,2026-01-17,
3.1657474,40.229168,22.541666,2026-01-18,
3.1657474,40.229168,22.541666,2026-01-19,
3.1657474,40.229168,22.541666,2026-01-20,
3.1657474,40.229168,22.541666,2026-01-21,
3.1657474,40.229168,22.541666,2026-01-22,
3.1657474,40.229168,22.541666,2026-01-23,
3.1657474,40.229168,22.541666,2026-01-24,
3.1657474,40.229168,22.541666,2026-01-25,
3.1657474,40.229168,22.541666,2026-01-26,
3.1657474,40.229168,22.541666,2026-01-27,
3.1657474,40.229168,22.541666,2026-01-28,
3.1657474,40.229168,22.541666,2026-01-29,
3.1657474,40.229168,22.541666,2026-01-30,
3.1657474,40.229168,22.541666,2026-01-31,
3.1657474,40.229168,22.541666,2026-02-01,
3.1657474,40.229168,22.541666,2026-02-02,
3.1657474,40.229168,22.541666,2026-02-03,
3.1657474,40.229168,22.541666,2026-02-04,
3.1657474,40.229168,22.541666,2026-02-05,
3.1657474,40.229168,22.541666,2026-02-06,
3.1657474,40.229168,22.541666,2026-02-07,
3.1657474,40.229168,22.541666,2026-02-08,
3.1657474,40.229168,22.541666,2026-02-09,
3.1657474,40.229168,22.583334,2026-01-10,
3.1657474,40.229168,22.583334,2026-01-11,
3.1657474,40.229168,22.583334,2026-01-12,
3.1657474,40.229168,22.583334,2026-01-13,
3.1657474,40.229168,22.583334,2026-01-14,
3.1657474,40.229168,22.583334,2026-01-15,
3.1657474,40.229168,22.583334,2026-01-16,
3.1657474,40.229168,22.583334,2026-01-17,
3.1657474,40.229168,22.583334,2026-01-18,
3.1657474,40.229168,22.583334,2026-01-19,
3.1657474,40.229168,22.583334,2026-01-20,
3.1657474,40.229168,22.583334,2026-01-21,
3.1657474,40.229168,22.583334,2026-01-22,
3.1657474,40.229168,22.583334,2026-01-23,
3.1657474,40.229168,22.583334,2026-01-24,
3.1657474,40.229168,22.583334,2026-01-25,
3.1657474,40.229168,22.583334,2026-01-26,
3.1657474,40.229168,22.583334,2026-01-27,
3.1657474,40.229168,22.583334,2026-01-28,
3.1657474,40.229168,22.583334,2026-01-29,
3.1657474,40.229168,22.583334,2026-01-30,
3.1657474,40.229168,22.583334,2026-01-31,
3.1657474,40.229168,22.583334,2026-02-01,
3.1657474,40.229168,22.583334,2026-02-02,
3.1657474,40.229168,22.583334,2026-02-03,
3.1657474,40.229168,22.583334,2026-02-04,
3.1657474,40.229168,22.583334,2026-02-05,
3.1657474,40.229168,22.583334,2026-02-06,
3.1657474,40.229168,22.583334,2026-02-07,
3.1657474,40.229168,22.583334,2026-02-08,
3.1657474,40.229168,22.583334,2026-02-09,
3.1657474,40.229168,22.625,2026-01-10,36.898026
3.1657474,40.229168,22.625,2026-01-11,36.581303
3.1657474,40.229168,22.625,2026-01-12,36.26737
3.1657474,40.229168,22.625,2026-01-13,36.469143
3.1657474,40.229168,22.625,2026-01-14,36.562145
3.1657474,40.229168,22.625,2026-01-15,36.667652
3.1657474,40.229168,22.625,2026-01-16,36.759304
3.1657474,40.229168,22.625,2026-01-17,37.114372
3.1657474,40.229168,22.625,2026-01-18,37.28981
3.1657474,40.229168,22.625,2026-01-19,37.318222
3.1657474,40.229168,22.625,2026-01-20,37.346817
3.1657474,40.229168,22.625,2026-01-21,36.988445
3.1657474,40.229168,22.625,2026-01-22,36.215797
3.1657474,40.229168,22.625,2026-01-23,36.329323
3.1657474,40.229168,22.625,2026-01-24,36.432133
3.1657474,40.229168,22.625,2026-01-25,36.56379
3.1657474,40.229168,22.625,2026-01-26,36.728825
3.1657474,40.229168,22.625,2026-01-27,36.742107
3.1657474,40.229168,22.625,2026-01-28,36.885693
3.1657474,40.229168,22.625,2026-01-29,36.61476
3.1657474,40.229168,22.625,2026-01-30,36.046066
3.1657474,40.229168,22.625,2026-01-31,35.745728
3.1657474,40.229168,22.625,2026-02-01,36.401714
3.1657474,40.229168,22.625,2026-02-02,35.400414
3.1657474,40.229168,22.625,2026-02-03,35.35839
3.1657474,40.229168,22.625,2026-02-04,35.44143
3.1657474,40.229168,22.625,2026-02-05,35.58124
3.1657474,40.229168,22.625,2026-02-06,35.583214
3.1657474,40.229168,22.625,2026-02-07,35.42315
3.1657474,40.229168,22.625,2026-02-08,35.284264
3.1657474,40.229168,22.625,2026-02-09,35.099842
3.1657474,40.229168,22.666666,2026-01-10,37.568916
3.1657474,40.229168,22.666666,2026-01-11,37.32691
3.1657474,40.229168,22.666666,2026-01-12,37.08761
3.1657474,40.229168,22.666666,2026-01-13,37.081604
3.1657474,40.229168,22.666666,2026-01-14,37.214977
3.1657474,40.229168,22.666666,2026-01-15,37.223076
3.1657474,40.229168,22.666666,2026-01-16,37.28917
3.1657474,40.229168,22.666666,2026-01-17,37.600334
3.1657474,40.229168,22.666666,2026-01-18,37.67477
3.1657474,40.229168,22.666666,2026-01-19,37.803944
3.1657474,40.229168,22.666666,2026-01-20,37.727066
3.1657474,40.229168,22.666666,2026-01-21,37.477722
3.1657474,40.229168,22.666666,2026-01-22,37.1164
3.1657474,40.229168,22.666666,2026-01-23,37.126606
3.1657474,40.229168,22.666666,2026-01-24,37.20091
3.1657474,40.229168,22.666666,2026-01-25,37.289608
3.1657474,40.229168,22.666666,2026-01-26,37.37291
3.1657474,40.229168,22.666666,2026-01-27,37.37728
3.1657474,40.229168,22.666666,2026-01-28,37.520565
3.1657474,40.229168,22.666666,2026-01-29,37.40416
3.1657474,40.229168,22.666666,2026-01-30,37.093918
3.1657474,40.229168,22.666666,2026-01-31,36.955563
3.1657474,40.229168,22.666666,2026-02-01,37.401455
3.1657474,40.229168,22.666666,2026-02-02,36.923637
3.1657474,40.229168,22.666666,2026-02-03,36.76106
3.1657474,40.229168,22.666666,2026-02-04,36.732082
3.1657474,40.229168,22.666666,2026-02-05,36.649723
3.1657474,40.229168,22.666666,2026-02-06,36.505424
3.1657474,40.229168,22.666666,2026-02-07,36.46744
3.1657474,40.229168,22.666666,2026-02-08,36.35552
3.1657474,40.229168,22.666666,2026-02-09,35.947556
3.1657474,40.229168,22.708334,2026-01-10,38.1501
3.1657474,40.229168,22.708334,2026-01-11,38.184242
3.1657474,40.229168,22.708334,2026-01-12,38.109386
3.1657474,40.229168,22.708334,2026-01-13,37.93574
3.1657474,40.229168,22.708334,2026-01-14,38.04911
3.1657474,40.229168,22.708334,2026-01-15,38.084606
3.1657474,40.229168,22.708334,2026-01-16,38.124454
3.1657474,40.229168,22.708334,2026-01-17,38.19834
3.1657474,40.229168,22.708334,2026-01-18,38.18451
3.1657474,40.229168,22.708334,2026-01-19,38.24764
3.1657474,40.229168,22.708334,2026-01-20,38.236572
3.1657474,40.229168,22.708334,2026-01-21,38.132362
3.1657474,40.229168,22.708334,2026-01-22,37.98928
3.1657474,40.229168,22.708334,2026-01-23,37.794395
3.1657474,40.229168,22.708334,2026-01-24,37.864616
3.1657474,40.229168,22.708334,2026-01-25,37.904694
3.1657474,40.229168,22.708334,2026-01-26,37.956543
3.1657474,40.229168,22.708334,2026-01-27,37.852715
3.1657474,40.229168,22.708334,2026-01-28,38.08013
3.1657474,40.229168,22.708334,2026-01-29,38.095417
3.1657474,40.229168,22.708334,2026-01-30,37.96411
3.1657474,40.229168,22.708334,2026-01-31,37.806877
3.1657474,40.229168,22.708334,2026-02-01,38.0433
3.1657474,40.229168,22.708334,2026-02-02,38.026608
3.1657474,40.229168,22.708334,2026-02-03,37.839375
3.1657474,40.229168,22.708334,2026-02-04,37.78848
3.1657474,40.229168,22.708334,2026-02-05,37.525703
3.1657474,40.229168,22.708334,2026-02-06,37.417133
3.1657474,40.229168,22.708334,2026-02-07,37.53211
3.1657474,40.229168,22.708334,2026-02-08,37.339485
3.1657474,40.229168,22.708334,2026-02-09,36.99271
3.1657474,40.229168,22.75,2026-01-10,38.305172
3.1657474,40.229168,22.75,2026-01-11,38.301514
3.1657474,40.229168,22.75,2026-01-12,38.29794
3.1657474,40.229168,22.75,2026-01-13,38.262924
3.1657474,40.229168,22.75,2026-01-14,38.262897
3.1657474,40.229168,22.75,2026-01-15,38.273254
3.1657474,40.229168,22.75,2026-01-16,38.286755
3.1657474,40.229168,22.75,2026-01-17,38.30227
3.1657474,40.229168,22.75,2026-01-18,38.309586
3.1657474,40.229168,22.75,2026-01-19,38.310574
3.1657474,40.229168,22.75,2026-01-20,38.309563
3.1657474,40.229168,22.75,2026-01-21,38.28806
3.1657474,40.229168,22.75,2026-01-22,38.261787
3.1657474,40.229168,22.75,2026-01-23,38.18657
3.1657474,40.229168,22.75,2026-01-24,38.149597
3.1657474,40.229168,22.75,2026-01-25,38.144257
3.1657474,40.229168,22.75,2026-01-26,38.143032
3.1657474,40.229168,22.75,2026-01-27,38.062237
3.1657474,40.229168,22.75,2026-01-28,38.19789
3.1657474,40.229168,22.75,2026-01-29,38.211143
3.1657474,40.229168,22.75,2026-01-30,38.21296
3.1657474,40.229168,22.75,2026-01-31,38.215195
3.1657474,40.229168,22.75,2026-02-01,38.150604
3.1657474,40.229168,22.75,2026-02-02,38.165253
3.1657474,40.229168,22.75,2026-02-03,38.152847
3.1657474,40.229168,22.75,2026-02-04,38.143913
3.1657474,40.229168,22.75,2026-02-05,38.074528
3.1657474,40.229168,22.75,2026-02-06,38.04223
3.1657474,40.229168,22.75,2026-02-07,38.095207
3.1657474,40.229168,22.75,2026-02-08,38.04661
3.1657474,40.229168,22.75,2026-02-09,37.857243
3.1657474,40.229168,22.791666,2026-01-10,38.344494
3.1657474,40.229168,22.791666,2026-01-11,38.344513
3.1657474,40.229168,22.791666,2026-01-12,38.33651
3.1657474,40.229168,22.791666,2026-01-13,38.315502
3.1657474,40.229168,22.791666,2026-01-14,38.298264
3.1657474,40.229168,22.791666,2026-01-15,38.29729
3.1657474,40.229168,22.791666,2026-01-16,38.297245
3.1657474,40.229168,22.791666,2026-01-17,38.301296
3.1657474,40.229168,22.791666,2026-01-18,38.31081
3.1657474,40.229168,22.791666,2026-01-19,38.312977
3.1657474,40.229168,22.791666,2026-01-20,38.316525
3.1657474,40.229168,22.791666,2026-01-21,38.315807
3.1657474,40.229168,22.791666,2026-01-22,38.301453
3.1657474,40.229168,22.791666,2026-01-23,38.277424
3.1657474,40.229168,22.791666,2026-01-24,38.244217
3.1657474,40.229168,22.791666,2026-01-25,38.22222
3.1657474,40.229168,22.791666,2026-01-26,38.196648
3.1657474,40.229168,22.791666,2026-01-27,38.137634
3.1657474,40.229168,22.791666,2026-01-28,38.203957
3.1657474,40.229168,22.791666,2026-01-29,38.206757
3.1657474,40.229168,22.791666,2026-01-30,38.19645
3.1657474,40.229168,22.791666,2026-01-31,38.19521
3.1657474,40.229168,22.791666,2026-02-01,38.12329
3.1657474,40.229168,22.791666,2026-02-02,38.137585
3.1657474,40.229168,22.791666,2026-02-03,38.13049
3.1657474,40.229168,22.791666,2026-02-04,38.126846
3.1657474,40.229168,22.791666,2026-02-05,38.122326
3.1657474,40.229168,22.791666,2026-02-06,38.12749
3.1657474,40.229168,22.791666,2026-02-07,38.15651
3.1657474,40.229168,22.791666,2026-02-08,38.161648
3.1657474,40.229168,22.791666,2026-02-09,38.149
3.1657474,40.229168,22.833334,2026-01-10,38.33694
3.1657474,40.229168,22.833334,2026-01-11,38.344135
3.1657474,40.229168,22.833334,2026-01-12,38.35081
3.1657474,40.229168,22.833334,2026-01-13,38.334343
3.1657474,40.229168,22.833334,2026-01-14,38.30591
3.1657474,40.229168,22.833334,2026-01-15,38.285114
3.1657474,40.229168,22.833334,2026-01-16,38.27366
3.1657474,40.229168,22.833334,2026-01-17,38.27034
3.1657474,40.229168,22.833334,2026-01-18,38.279133
3.1657474,40.229168,22.833334,2026-01-19,38.273613
3.1657474,40.229168,22.833334,2026-01-20,38.28339
3.1657474,40.229168,22.833334,2026-01-21,38.30285
3.1657474,40.229168,22.833334,2026-01-22,38.300056
3.1657474,40.229168,22.833334,2026-01-23,38.28957
3.1657474,40.229168,22.833334,2026-01-24,38.26601
3.1657474,40.229168,22.833334,2026-01-25,38.238846
3.1657474,40.229168,22.833334,2026-01-26,38.194225
3.1657474,40.229168,22.833334,2026-01-27,38.11657
3.1657474,40.229168,22.833334,2026-01-28,38.1975
3.1657474,40.229168,22.833334,2026-01-29,38.19748
3.1657474,40.229168,22.833334,2026-01-30,38.185402
3.1657474,40.229168,22.833334,2026-01-31,38.176533
3.1657474,40.229168,22.833334,2026-02-01,38.102787
3.1657474,40.229168,22.833334,2026-02-02,38.1175
3.1657474,40.229168,22.833334,2026-02-03,38.120758
3.1657474,40.229168,22.833334,2026-02-04,38.119625
3.1657474,40.229168,22.833334,2026-02-05,38.126255
3.1657474,40.229168,22.833334,2026-02-06,38.17072
3.1657474,40.229168,22.833334,2026-02-07,38.229286
3.1657474,40.229168,22.833334,2026-02-08,38.215557
3.1657474,40.229168,22.833334,2026-02-09,38.191746
3.1657474,40.229168,22.875,2026-01-10,38.312878
3.1657474,40.229168,22.875,2026-01-11,38.324615
3.1657474,40.229168,22.875,2026-01-12,38.347374
3.1657474,40.229168,22.875,2026-01-13,38.32543
3.1657474,40.229168,22.875,2026-01-14,38.273537
3.1657474,40.229168,22.875,2026-01-15,38.235214
3.1657474,40.229168,22.875,2026-01-16,38.204582
3.1657474,40.229168,22.875,2026-01-17,38.190018
3.1657474,40.229168,22.875,2026-01-18,38.198498
3.1657474,40.229168,22.875,2026-01-19,38.18761
3.1657474,40.229168,22.875,2026-01-20,38.198685
3.1657474,40.229168,22.875,2026-01-21,38.24303
3.1657474,40.229168,22.875,2026-01-22,38.266315
3.1657474,40.229168,22.875,2026-01-23,38.263367
3.1657474,40.229168,22.875,2026-01-24,38.234543
3.1657474,40.229168,22.875,2026-01-25,38.196087
3.1657474,40.229168,22.875,2026-01-26,38.16389
3.1657474,40.229168,22.875,2026-01-27,38.09334
3.1657474,40.229168,22.875,2026-01-28,38.169743
3.1657474,40.229168,22.875,2026-01-29,38.171654
3.1657474,40.229168,22.875,2026-01-30,38.165226
3.1657474,40.229168,22.875,2026-01-31,38.159214
3.1657474,40.229168,22.875,2026-02-01,38.083477
3.1657474,40.229168,22.875,2026-02-02,38.11416
3.1657474,40.229168,22.875,2026-02-03,38.127045
3.1657474,40.229168,22.875,2026-02-04,38.133247
3.1657474,40.229168,22.875,2026-02-05,38.15917
3.1657474,40.229168,22.875,2026-02-06,38.26247
3.1657474,40.229168,22.875,2026-02-07,38.29419
3.1657474,40.229168,22.875,2026-02-08,38.245903
3.1657474,40.229168,22.875,2026-02-09,38.21815
3.1657474,40.229168,22.916666,2026-01-10,38.290226
3.1657474,40.229168,22.916666,2026-01-11,38.30054
3.1657474,40.229168,22.916666,2026-01-12,38.323467
3.1657474,40.229168,22.916666,2026-01-13,38.293537
3.1657474,40.229168,22.916666,2026-01-14,38.20186
3.1657474,40.229168,22.916666,2026-01-15,38.149643
3.1657474,40.229168,22.916666,2026-01-16,38.122265
3.1657474,40.229168,22.916666,2026-01-17,38.104424
3.1657474,40.229168,22.916666,2026-01-18,38.09743
3.1657474,40.229168,22.916666,2026-01-19,38.090378
3.1657474,40.229168,22.916666,2026-01-20,38.101364
3.1657474,40.229168,22.916666,2026-01-21,38.14867
3.1657474,40.229168,22.916666,2026-01-22,38.171005
3.1657474,40.229168,22.916666,2026-01-23,38.161182
3.1657474,40.229168,22.916666,2026-01-24,38.136497
3.1657474,40.229168,22.916666,2026-01-25,38.118355
3.1657474,40.229168,22.916666,2026-01-26,38.085106
3.1657474,40.229168,22.916666,2026-01-27,38.01224
3.1657474,40.229168,22.916666,2026-01-28,38.103043
3.1657474,40.229168,22.916666,2026-01-29,38.116413
3.1657474,40.229168,22.916666,2026-01-30,38.120205
3.1657474,40.229168,22.916666,2026-01-31,38.122864
3.1657474,40.229168,22.916666,2026-02-01,38.06283
3.1657474,40.229168,22.916666,2026-02-02,38.11725
3.1657474,40.229168,22.916666,2026-02-03,38.145
3.1657474,40.229168,22.916666,2026-02-04,38.156815
3.1657474,40.229168,22.916666,2026-02-05,38.231068
3.1657474,40.229168,22.916666,2026-02-06,38.33609
3.1657474,40.229168,22.916666,2026-02-07,38.32782
3.1657474,40.229168,22.916666,2026-02-08,38.25229
3.1657474,40.229168,22.916666,2026-02-09,38.215435
3.1657474,40.229168,22.958334,2026-01-10,38.272354
3.1657474,40.229168,22.958334,2026-01-11,38.280743
3.1657474,40.229168,22.958334,2026-01-12,38.29551
3.1657474,40.229168,22.958334,2026-01-13,38.26105
3.1657474,40.229168,22.958334,2026-01-14,38.19539
3.1657474,40.229168,22.958334,2026-01-15,38.158722
3.1657474,40.229168,22.958334,2026-01-16,38.14262
3.1657474,40.229168,22.958334,2026-01-17,38.12112
3.1657474,40.229168,22.958334,2026-01-18,38.077045
3.1657474,40.229168,22.958334,2026-01-19,38.058537
3.1657474,40.229168,22.958334,2026-01-20,38.05397
3.1657474,40.229168,22.958334,2026-01-21,38.062386
3.1657474,40.229168,22.958334,2026-01-22,38.071934
3.1657474,40.229168,22.958334,2026-01-23,38.062412
3.1657474,40.229168,22.958334,2026-01-24,38.059036
3.1657474,40.229168,22.958334,2026-01-25,38.059258
3.1657474,40.229168,22.958334,2026-01-26,38.05178
3.1657474,40.229168,22.958334,2026-01-27,38.008385
3.1657474,40.229168,22.958334,2026-01-28,38.056778
3.1657474,40.229168,22.958334,2026-01-29,38.073334
3.1657474,40.229168,22.958334,2026-01-30,38.08334
3.1657474,40.229168,22.958334,2026-01-31,38.094296
3.1657474,40.229168,22.958334,2026-02-01,38.062607
3.1657474,40.229168,22.958334,2026-02-02,38.139233
3.1657474,40.229168,22.958334,2026-02-03,38.188065
3.1657474,40.229168,22.958334,2026-02-04,38.21835
3.1657474,40.229168,22.958334,2026-02-05,38.313644
3.1657474,40.229168,22.958334,2026-02-06,38.382027
3.1657474,40.229168,22.958334,2026-02-07,38.36225
3.1657474,40.229168,22.958334,2026-02-08,38.295654
3.1657474,40.229168,22.958334,2026-02-09,38.266487
3.1657474,40.229168,23.0,2026-01-10,38.24562
3.1657474,40.229168,23.0,2026-01-11,38.266357
3.1657474,40.229168,23.0,2026-01-12,38.286064
3.1657474,40.229168,23.0,2026-01-13,38.27517
3.1657474,40.229168,23.0,2026-01-14,38.236897
3.1657474,40.229168,23.0,2026-01-15,38.212532
3.1657474,40.229168,23.0,2026-01-16,38.20699
3.1657474,40.229168,23.0,2026-01-17,38.190586
3.1657474,40.229168,23.0,2026-01-18,38.13375
3.1657474,40.229168,23.0,2026-01-19,38.110912
3.1657474,40.229168,23.0,2026-01-20,38.088974
3.1657474,40.229168,23.0,2026-01-21,38.05832
3.1657474,40.229168,23.0,2026-01-22,38.02376
3.1657474,40.229168,23.0,2026-01-23,38.02406
3.1657474,40.229168,23.0,2026-01-24,38.034225
3.1657474,40.229168,23.0,2026-01-25,38.04077
3.1657474,40.229168,23.0,2026-01-26,38.047047
3.1657474,40.229168,23.0,2026-01-27,38.002243
3.1657474,40.229168,23.0,2026-01-28,38.06037
3.1657474,40.229168,23.0,2026-01-29,38.069633
3.1657474,40.229168,23.0,2026-01-30,38.079052
3.1657474,40.229168,23.0,2026-01-31,38.101543
3.1657474,40.229168,23.0,2026-02-01,38.09653
3.1657474,40.229168,23.0,2026-02-02,38.168633
3.1657474,40.229168,23.0,2026-02-03,38.213833
3.1657474,40.229168,23.0,2026-02-04,38.265816
3.1657474,40.229168,23.0,2026-02-05,38.345566
3.1657474,40.229168,23.0,2026-02-06,38.36865
3.1657474,40.229168,23.0,2026-02-07,38.366726
3.1657474,40.229168,23.0,2026-02-08,38.324177
3.1657474,40.229168,23.0,2026-02-09,38.294727
3.1657474,40.270832,22.5,2026-01-10,
3.1657474,40.270832,22.5,2026-01-11,
3.1657474,40.270832,22.5,2026-01-12,
3.1657474,40.270832,22.5,2026-01-13,
3.1657474,40.270832,22.5,2026-01-14,
3.1657474,40.270832,22.5,2026-01-15,
3.1657474,40.270832,22.5,2026-01-16,
3.1657474,40.270832,22.5,2026-01-17,
3.1657474,40.270832,22.5,2026-01-18,
3.1657474,40.270832,22.5,2026-01-19,
3.1657474,40.270832,22.5,2026-01-20,
3.1657474,40.270832,22.5,2026-01-21,
3.1657474,40.270832,22.5,2026-01-22,
3.1657474,40.270832,22.5,2026-01-23,
3.1657474,40.270832,22.5,2026-01-24,
3.1657474,40.270832,22.5,2026-01-25,
3.1657474,40.270832,22.5,2026-01-26,
3.1657474,40.270832,22.5,2026-01-27,
3.1657474,40.270832,22.5,2026-01-28,
3.1657474,40.270832,22.5,2026-01-29,
3.1657474,40.270832,22.5,2026-01-30,
3.1657474,40.270832,22.5,2026-01-31,
3.1657474,40.270832,22.5,2026-02-01,
3.1657474,40.270832,22.5,2026-02-02,
3.1657474,40.270832,22.5,2026-02-03,
3.1657474,40.270832,22.5,2026-02-04,
3.1657474,40.270832,22.5,2026-02-05,
3.1657474,40.270832,22.5,2026-02-06,
3.1657474,40.270832,22.5,2026-02-07,
3.1657474,40.270832,22.5,2026-02-08,
3.1657474,40.270832,22.5,2026-02-09,
3.1657474,40.270832,22.541666,2026-01-10,
3.1657474,40.270832,22.541666,2026-01-11,
3.1657474,40.270832,22.541666,2026-01-12,
3.1657474,40.270832,22.541666,2026-01-13,
3.1657474,40.270832,22.541666,2026-01-14,
3.1657474,40.270832,22.541666,2026-01-15,
3.1657474,40.270832,22.541666,2026-01-16,
3.1657474,40.270832,22.541666,2026-01-17,
3.1657474,40.270832,22.541666,2026-01-18,
3.1657474,40.270832,22.541666,2026-01-19,
3.1657474,40.270832,22.541666,2026-01-20,
3.1657474,40.270832,22.541666,2026-01-21,
3.1657474,40.270832,22.541666,2026-01-22,
3.1657474,40.270832,22.541666,2026-01-23,
3.1657474,40.270832,22.541666,2026-01-24,
3.1657474,40.270832,22.541666,2026-01-25,
3.1657474,40.270832,22.541666,2026-01-26,
3.1657474,40.270832,22.541666,2026-01-27,
3.1657474,40.270832,22.541666,2026-01-28,
3.1657474,40.270832,22.541666,2026-01-29,
3.1657474,40.270832,22.541666,2026-01-30,
3.1657474,40.270832,22.541666,2026-01-31,
3.1657474,40.270832,22.541666,2026-02-01,
3.1657474,40.270832,22.541666,2026-02-02,
3.1657474,40.270832,22.541666,2026-02-03,
3.1657474,40.270832,22.541666,2026-02-04,
3.1657474,40.270832,22.541666,2026-02-05,
3.1657474,40.270832,22.541666,2026-02-06,
3.1657474,40.270832,22.541666,2026-02-07,
3.1657474,40.270832,22.541666,2026-02-08,
3.1657474,40.270832,22.541666,2026-02-09,
3.1657474,40.270832,22.583334,2026-01-10,
3.1657474,40.270832,22.583334,2026-01-11,
3.1657474,40.270832,22.583334,2026-01-12,
3.1657474,40.270832,22.583334,2026-01-13,
3.1657474,40.270832,22.583334,2026-01-14,
3.1657474,40.270832,22.583334,2026-01-15,
3.1657474,40.270832,22.583334,2026-01-16,
3.1657474,40.270832,22.583334,2026-01-17,
3.1657474,40.270832,22.583334,2026-01-18,
3.1657474,40.270832,22.583334,2026-01-19,
3.1657474,40.270832,22.583334,2026-01-20,
3.1657474,40.270832,22.583334,2026-01-21,
3.1657474,40.270832,22.583334,2026-01-22,
3.1657474,40.270832,22.583334,2026-01-23,
3.1657474,40.270832,22.583334,2026-01-24,
3.1657474,40.270832,22.583334,2026-01-25,
3.1657474,40.270832,22.583334,2026-01-26,
3.1657474,40.270832,22.583334,2026-01-27,
3.1657474,40.270832,22.583334,2026-01-28,
3.1657474,40.270832,22.583334,2026-01-29,
3.1657474,40.270832,22.583334,2026-01-30,
3.1657474,40.270832,22.583334,2026-01-31,
3.1657474,40.270832,22.583334,2026-02-01,
3.1657474,40.270832,22.583334,2026-02-02,
3.1657474,40.270832,22.583334,2026-02-03,
3.1657474,40.270832,22.583334,2026-02-04,
3.1657474,40.270832,22.583334,2026-02-05,
3.1657474,40.270832,22.583334,2026-02-06,
3.1657474,40.270832,22.583334,2026-02-07,
3.1657474,40.270832,22.583334,2026-02-08,
3.1657474,40.270832,22.583334,2026-02-09,
3.1657474,40.270832,22.625,2026-01-10,36.694508
3.1657474,40.270832,22.625,2026-01-11,36.222496
3.1657474,40.270832,22.625,2026-01-12,36.182793
3.1657474,40.270832,22.625,2026-01-13,36.381252
3.1657474,40.270832,22.625,2026-01-14,36.510387
3.1657474,40.270832,22.625,2026-01-15,36.647083
3.1657474,40.270832,22.625,2026-01-16,36.708202
3.1657474,40.270832,22.625,2026-01-17,36.864857
3.1657474,40.270832,22.625,2026-01-18,37.02876
3.1657474,40.270832,22.625,2026-01-19,37.049187
3.1657474,40.270832,22.625,2026-01-20,36.989605
3.1657474,40.270832,22.625,2026-01-21,36.590366
3.1657474,40.270832,22.625,2026-01-22,36.07641
3.1657474,40.270832,22.625,2026-01-23,36.140907
3.1657474,40.270832,22.625,2026-01-24,36.279736
3.1657474,40.270832,22.625,2026-01-25,36.460922
3.1657474,40.270832,22.625,2026-01-26,36.63041
3.1657474,40.270832,22.625,2026-01-27,36.59473
3.1657474,40.270832,22.625,2026-01-28,36.565784
3.1657474,40.270832,22.625,2026-01-29,36.138348
3.1657474,40.270832,22.625,2026-01-30,35.762276
3.1657474,40.270832,22.625,2026-01-31,35.586464
3.1657474,40.270832,22.625,2026-02-01,35.84487
3.1657474,40.270832,22.625,2026-02-02,35.10591
3.1657474,40.270832,22.625,2026-02-03,35.3227
3.1657474,40.270832,22.625,2026-02-04,35.424313
3.1657474,40.270832,22.625,2026-02-05,35.461452
3.1657474,40.270832,22.625,2026-02-06,35.48682
3.1657474,40.270832,22.625,2026-02-07,35.262844
3.1657474,40.270832,22.625,2026-02-08,35.081562
3.1657474,40.270832,22.625,2026-02-09,34.829346
3.1657474,40.270832,22.666666,2026-01-10,37.383465
3.1657474,40.270832,22.666666,2026-01-11,37.155376
3.1657474,40.270832,22.666666,2026-01-12,37.01448
3.1657474,40.270832,22.666666,2026-01-13,36.916786
3.1657474,40.270832,22.666666,2026-01-14,36.986717
3.1657474,40.270832,22.666666,2026-01-15,37.03046
3.1657474,40.270832,22.666666,2026-01-16,36.99846
3.1657474,40.270832,22.666666,2026-01-17,37.27484
3.1657474,40.270832,22.666666,2026-01-18,37.40785
3.1657474,40.270832,22.666666,2026-01-19,37.56781
3.1657474,40.270832,22.666666,2026-01-20,37.335262
3.1657474,40.270832,22.666666,2026-01-21,37.14304
3.1657474,40.270832,22.666666,2026-01-22,36.92264
3.1657474,40.270832,22.666666,2026-01-23,36.781048
3.1657474,40.270832,22.666666,2026-01-24,36.854797
3.1657474,40.270832,22.666666,2026-01-25,36.976635
3.1657474,40.270832,22.666666,2026-01-26,37.095856
3.1657474,40.270832,22.666666,2026-01-27,37.03978
3.1657474,40.270832,22.666666,2026-01-28,37.155224
3.1657474,40.270832,22.666666,2026-01-29,37.02745
3.1657474,40.270832,22.666666,2026-01-30,36.978394
3.1657474,40.270832,22.666666,2026-01-31,36.91925
3.1657474,40.270832,22.666666,2026-02-01,37.03365
3.1657474,40.270832,22.666666,2026-02-02,36.703415
3.1657474,40.270832,22.666666,2026-02-03,36.671448
3.1657474,40.270832,22.666666,2026-02-04,36.614777
3.1657474,40.270832,22.666666,2026-02-05,36.360725
3.1657474,40.270832,22.666666,2026-02-06,36.354614
3.1657474,40.270832,22.666666,2026-02-07,36.295033
3.1657474,40.270832,22.666666,2026-02-08,36.18099
3.1657474,40.270832,22.666666,2026-02-09,35.711327
3.1657474,40.270832,22.708334,2026-01-10,38.12816
3.1657474,40.270832,22.708334,2026-01-11,38.10283
3.1657474,40.270832,22.708334,2026-01-12,37.918793
3.1657474,40.270832,22.708334,2026-01-13,37.69011
3.1657474,40.270832,22.708334,2026-01-14,37.561188
3.1657474,40.270832,22.708334,2026-01-15,37.6125
3.1657474,40.270832,22.708334,2026-01-16,37.5766
3.1657474,40.270832,22.708334,2026-01-17,37.843502
3.1657474,40.270832,22.708334,2026-01-18,37.91555
3.1657474,40.270832,22.708334,2026-01-19,38.121
3.1657474,40.270832,22.708334,2026-01-20,38.068203
3.1657474,40.270832,22.708334,2026-01-21,37.974354
3.1657474,40.270832,22.708334,2026-01-22,37.653862
3.1657474,40.270832,22.708334,2026-01-23,37.4757
3.1657474,40.270832,22.708334,2026-01-24,37.467125
3.1657474,40.270832,22.708334,2026-01-25,37.464714
3.1657474,40.270832,22.708334,2026-01-26,37.553005
3.1657474,40.270832,22.708334,2026-01-27,37.498417
3.1657474,40.270832,22.708334,2026-01-28,37.732346
3.1657474,40.270832,22.708334,2026-01-29,37.71735
3.1657474,40.270832,22.708334,2026-01-30,37.706367
3.1657474,40.270832,22.708334,2026-01-31,37.73966
3.1657474,40.270832,22.708334,2026-02-01,37.873077
3.1657474,40.270832,22.708334,2026-02-02,37.842445
3.1657474,40.270832,22.708334,2026-02-03,37.69684
3.1657474,40.270832,22.708334,2026-02-04,37.510544
3.1657474,40.270832,22.708334,2026-02-05,37.25997
3.1657474,40.270832,22.708334,2026-02-06,37.19376
3.1657474,40.270832,22.708334,2026-02-07,37.267555
3.1657474,40.270832,22.708334,2026-02-08,37.12985
3.1657474,40.270832,22.708334,2026-02-09,36.754715
3.1657474,40.270832,22.75,2026-01-10,38.286354
3.1657474,40.270832,22.75,2026-01-11,38.25005
3.1657474,40.270832,22.75,2026-01-12,38.227898
3.1657474,40.270832,22.75,2026-01-13,38.183205
3.1657474,40.270832,22.75,2026-01-14,38.094913
3.1657474,40.270832,22.75,2026-01-15,38.123997
3.1657474,40.270832,22.75,2026-01-16,38.174053
3.1657474,40.270832,22.75,2026-01-17,38.227657
3.1657474,40.270832,22.75,2026-01-18,38.245396
3.1657474,40.270832,22.75,2026-01-19,38.268387
3.1657474,40.270832,22.75,2026-01-20,38.267223
3.1657474,40.270832,22.75,2026-01-21,38.257458
3.1657474,40.270832,22.75,2026-01-22,38.213062
3.1657474,40.270832,22.75,2026-01-23,38.054222
3.1657474,40.270832,22.75,2026-01-24,37.91461
3.1657474,40.270832,22.75,2026-01-25,37.84677
3.1657474,40.270832,22.75,2026-01-26,37.90812
3.1657474,40.270832,22.75,2026-01-27,37.8688
3.1657474,40.270832,22.75,2026-01-28,38.05614
3.1657474,40.270832,22.75,2026-01-29,38.059464
3.1657474,40.270832,22.75,2026-01-30,38.10203
3.1657474,40.270832,22.75,2026-01-31,38.14383
3.1657474,40.270832,22.75,2026-02-01,38.11101
3.1657474,40.270832,22.75,2026-02-02,38.140938
3.1657474,40.270832,22.75,2026-02-03,38.139614
3.1657474,40.270832,22.75,2026-02-04,38.051785
3.1657474,40.270832,22.75,2026-02-05,37.87497
3.1657474,40.270832,22.75,2026-02-06,37.79068
3.1657474,40.270832,22.75,2026-02-07,37.927044
3.1657474,40.270832,22.75,2026-02-08,37.87665
3.1657474,40.270832,22.75,2026-02-09,37.691395
3.1657474,40.270832,22.791666,2026-01-10,38.327396
3.1657474,40.270832,22.791666,2026-01-11,38.31179
3.1657474,40.270832,22.791666,2026-01-12,38.272957
3.1657474,40.270832,22.791666,2026-01-13,38.271736
3.1657474,40.270832,22.791666,2026-01-14,38.244785
3.1657474,40.270832,22.791666,2026-01-15,38.226215
3.1657474,40.270832,22.791666,2026-01-16,38.219326
3.1657474,40.270832,22.791666,2026-01-17,38.22653
3.1657474,40.270832,22.791666,2026-01-18,38.248978
3.1657474,40.270832,22.791666,2026-01-19,38.265682
3.1657474,40.270832,22.791666,2026-01-20,38.279057
3.1657474,40.270832,22.791666,2026-01-21,38.283386
3.1657474,40.270832,22.791666,2026-01-22,38.269253
3.1657474,40.270832,22.791666,2026-01-23,38.231743
3.1657474,40.270832,22.791666,2026-01-24,38.192047
3.1657474,40.270832,22.791666,2026-01-25,38.165474
3.1657474,40.270832,22.791666,2026-01-26,38.125607
3.1657474,40.270832,22.791666,2026-01-27,38.06361
3.1657474,40.270832,22.791666,2026-01-28,38.16273
3.1657474,40.270832,22.791666,2026-01-29,38.15178
3.1657474,40.270832,22.791666,2026-01-30,38.13583
3.1657474,40.270832,22.791666,2026-01-31,38.149223
3.1657474,40.270832,22.791666,2026-02-01,38.10434
3.1657474,40.270832,22.791666,2026-02-02,38.12066
3.1657474,40.270832,22.791666,2026-02-03,38.115456
3.1657474,40.270832,22.791666,2026-02-04,38.095455
3.1657474,40.270832,22.791666,2026-02-05,38.08218
3.1657474,40.270832,22.791666,2026-02-06,38.06257
3.1657474,40.270832,22.791666,2026-02-07,38.082584
3.1657474,40.270832,22.791666,2026-02-08,38.06377
3.1657474,40.270832,22.791666,2026-02-09,38.00506
3.1657474,40.270832,22.833334,2026-01-10,38.329277
3.1657474,40.270832,22.833334,2026-01-11,38.334965
3.1657474,40.270832,22.833334,2026-01-12,38.309635
3.1657474,40.270832,22.833334,2026-01-13,38.259975
3.1657474,40.270832,22.833334,2026-01-14,38.232082
3.1657474,40.270832,22.833334,2026-01-15,38.206905
3.1657474,40.270832,22.833334,2026-01-16,38.192417
3.1657474,40.270832,22.833334,2026-01-17,38.193768
3.1657474,40.270832,22.833334,2026-01-18,38.21803
3.1657474,40.270832,22.833334,2026-01-19,38.225517
3.1657474,40.270832,22.833334,2026-01-20,38.251102
3.1657474,40.270832,22.833334,2026-01-21,38.275692
3.1657474,40.270832,22.833334,2026-01-22,38.2692
3.1657474,40.270832,22.833334,2026-01-23,38.24808
3.1657474,40.270832,22.833334,2026-01-24,38.220314
3.1657474,40.270832,22.833334,2026-01-25,38.199764
3.1657474,40.270832,22.833334,2026-01-26,38.16823
3.1657474,40.270832,22.833334,2026-01-27,38.122116
3.1657474,40.270832,22.833334,2026-01-28,38.16554
3.1657474,40.270832,22.833334,2026-01-29,38.162895
3.1657474,40.270832,22.833334,2026-01-30,38.151047
3.1657474,40.270832,22.833334,2026-01-31,38.146828
3.1657474,40.270832,22.833334,2026-02-01,38.07811
3.1657474,40.270832,22.833334,2026-02-02,38.095367
3.1657474,40.270832,22.833334,2026-02-03,38.096367
3.1657474,40.270832,22.833334,2026-02-04,38.084476
3.1657474,40.270832,22.833334,2026-02-05,38.08345
3.1657474,40.270832,22.833334,2026-02-06,38.0839
3.1657474,40.270832,22.833334,2026-02-07,38.09305
3.1657474,40.270832,22.833334,2026-02-08,38.058258
3.1657474,40.270832,22.833334,2026-02-09,38.0277
3.1657474,40.270832,22.875,2026-01-10,38.30992
3.1657474,40.270832,22.875,2026-01-11,38.321045
3.1657474,40.270832,22.875,2026-01-12,38.315422
3.1657474,40.270832,22.875,2026-01-13,38.221912
3.1657474,40.270832,22.875,2026-01-14,38.165688
3.1657474,40.270832,22.875,2026-01-15,38.134613
3.1657474,40.270832,22.875,2026-01-16,38.11108
3.1657474,40.270832,22.875,2026-01-17,38.115562
3.1657474,40.270832,22.875,2026-01-18,38.14294
3.1657474,40.270832,22.875,2026-01-19,38.140106
3.1657474,40.270832,22.875,2026-01-20,38.168835
3.1657474,40.270832,22.875,2026-01-21,38.22475
3.1657474,40.270832,22.875,2026-01-22,38.23998
3.1657474,40.270832,22.875,2026-01-23,38.215195
3.1657474,40.270832,22.875,2026-01-24,38.18465
3.1657474,40.270832,22.875,2026-01-25,38.159283
3.1657474,40.270832,22.875,2026-01-26,38.114056
3.1657474,40.270832,22.875,2026-01-27,38.066254
3.1657474,40.270832,22.875,2026-01-28,38.14459
3.1657474,40.270832,22.875,2026-01-29,38.146713
3.1657474,40.270832,22.875,2026-01-30,38.13829
3.1657474,40.270832,22.875,2026-01-31,38.132553
3.1657474,40.270832,22.875,2026-02-01,38.057636
3.1657474,40.270832,22.875,2026-02-02,38.08275
3.1657474,40.270832,22.875,2026-02-03,38.08399
3.1657474,40.270832,22.875,2026-02-04,38.075356
3.1657474,40.270832,22.875,2026-02-05,38.072815
3.1657474,40.270832,22.875,2026-02-06,38.092445
3.1657474,40.270832,22.875,2026-02-07,38.085995
3.1657474,40.270832,22.875,2026-02-08,38.051323
3.1657474,40.270832,22.875,2026-02-09,38.046555
3.1657474,40.270832,22.916666,2026-01-10,38.268227
3.1657474,40.270832,22.916666,2026-01-11,38.284615
3.1657474,40.270832,22.916666,2026-01-12,38.26008
3.1657474,40.270832,22.916666,2026-01-13,38.15489
3.1657474,40.270832,22.916666,2026-01-14,38.0695
3.1657474,40.270832,22.916666,2026-01-15,38.04518
3.1657474,40.270832,22.916666,2026-01-16,38.042374
3.1657474,40.270832,22.916666,2026-01-17,38.038994
3.1657474,40.270832,22.916666,2026-01-18,38.045277
3.1657474,40.270832,22.916666,2026-01-19,38.041782
3.1657474,40.270832,22.916666,2026-01-20,38.060524
3.1657474,40.270832,22.916666,2026-01-21,38.11647
3.1657474,40.270832,22.916666,2026-01-22,38.126644
3.1657474,40.270832,22.916666,2026-01-23,38.104366
3.1657474,40.270832,22.916666,2026-01-24,38.088245
3.1657474,40.270832,22.916666,2026-01-25,38.08161
3.1657474,40.270832,22.916666,2026-01-26,38.061676
3.1657474,40.270832,22.916666,2026-01-27,38.028492
3.1657474,40.270832,22.916666,2026-01-28,38.099327
3.1657474,40.270832,22.916666,2026-01-29,38.105206
3.1657474,40.270832,22.916666,2026-01-30,38.10147
3.1657474,40.270832,22.916666,2026-01-31,38.103474
3.1657474,40.270832,22.916666,2026-02-01,38.03767
3.1657474,40.270832,22.916666,2026-02-02,38.058662
3.1657474,40.270832,22.916666,2026-02-03,38.066105
3.1657474,40.270832,22.916666,2026-02-04,38.05899
3.1657474,40.270832,22.916666,2026-02-05,38.071487
3.1657474,40.270832,22.916666,2026-02-06,38.101826
3.1657474,40.270832,22.916666,2026-02-07,38.077785
3.1657474,40.270832,22.916666,2026-02-08,38.046818
3.1657474,40.270832,22.916666,2026-02-09,38.04399
3.1657474,40.270832,22.958334,2026-01-10,38.22328
3.1657474,40.270832,22.958334,2026-01-11,38.253147
3.1657474,40.270832,22.958334,2026-01-12,38.22014
3.1657474,40.270832,22.958334,2026-01-13,38.133224
3.1657474,40.270832,22.958334,2026-01-14,38.104313
3.1657474,40.270832,22.958334,2026-01-15,38.11845
3.1657474,40.270832,22.958334,2026-01-16,38.131126
3.1657474,40.270832,22.958334,2026-01-17,38.076725
3.1657474,40.270832,22.958334,2026-01-18,38.02228
3.1657474,40.270832,22.958334,2026-01-19,38.0269
3.1657474,40.270832,22.958334,2026-01-20,38.02348
3.1657474,40.270832,22.958334,2026-01-21,38.023643
3.1657474,40.270832,22.958334,2026-01-22,38.023064
3.1657474,40.270832,22.958334,2026-01-23,38.02697
3.1657474,40.270832,22.958334,2026-01-24,38.032635
3.1657474,40.270832,22.958334,2026-01-25,38.03835
3.1657474,40.270832,22.958334,2026-01-26,38.00976
3.1657474,40.270832,22.958334,2026-01-27,37.98353
3.1657474,40.270832,22.958334,2026-01-28,38.056137
3.1657474,40.270832,22.958334,2026-01-29,38.067776
3.1657474,40.270832,22.958334,2026-01-30,38.071205
3.1657474,40.270832,22.958334,2026-01-31,38.0769
3.1657474,40.270832,22.958334,2026-02-01,38.015083
3.1657474,40.270832,22.958334,2026-02-02,38.0502
3.1657474,40.270832,22.958334,2026-02-03,38.060604
3.1657474,40.270832,22.958334,2026-02-04,38.061474
3.1657474,40.270832,22.958334,2026-02-05,38.097176
3.1657474,40.270832,22.958334,2026-02-06,38.133774
3.1657474,40.270832,22.958334,2026-02-07,38.107296
3.1657474,40.270832,22.958334,2026-02-08,38.067783
3.1657474,40.270832,22.958334,2026-02-09,38.05717
3.1657474,40.270832,23.0,2026-01-10,38.19289
3.1657474,40.270832,23.0,2026-01-11,38.231625
3.1657474,40.270832,23.0,2026-01-12,38.215496
3.1657474,40.270832,23.0,2026-01-13,38.178627
3.1657474,40.270832,23.0,2026-01-14,38.194366
3.1657474,40.270832,23.0,2026-01-15,38.220238
3.1657474,40.270832,23.0,2026-01-16,38.235767
3.1657474,40.270832,23.0,2026-01-17,38.20674
3.1657474,40.270832,23.0,2026-01-18,38.156475
3.1657474,40.270832,23.0,2026-01-19,38.155956
3.1657474,40.270832,23.0,2026-01-20,38.11301
3.1657474,40.270832,23.0,2026-01-21,38.03626
3.1657474,40.270832,23.0,2026-01-22,37.99362
3.1657474,40.270832,23.0,2026-01-23,38.000774
3.1657474,40.270832,23.0,2026-01-24,38.01661
3.1657474,40.270832,23.0,2026-01-25,38.02581
3.1657474,40.270832,23.0,2026-01-26,38.005135
3.1657474,40.270832,23.0,2026-01-27,37.97802
3.1657474,40.270832,23.0,2026-01-28,38.03971
3.1657474,40.270832,23.0,2026-01-29,38.044632
3.1657474,40.270832,23.0,2026-01-30,38.049957
3.1657474,40.270832,23.0,2026-01-31,38.052525
3.1657474,40.270832,23.0,2026-02-01,38.007244
3.1657474,40.270832,23.0,2026-02-02,38.048286
3.1657474,40.270832,23.0,2026-02-03,38.064495
3.1657474,40.270832,23.0,2026-02-04,38.083435
3.1657474,40.270832,23.0,2026-02-05,38.131096
3.1657474,40.270832,23.0,2026-02-06,38.153217
3.1657474,40.270832,23.0,2026-02-07,38.15078
3.1657474,40.270832,23.0,2026-02-08,38.119457
3.1657474,40.270832,23.0,2026-02-09,38.102703
3.1657474,40.3125,22.5,2026-01-10,
3.1657474,40.3125,22.5,2026-01-11,
3.1657474,40.3125,22.5,2026-01-12,
3.1657474,40.3125,22.5,2026-01-13,
3.1657474,40.3125,22.5,2026-01-14,
3.1657474,40.3125,22.5,2026-01-15,
3.1657474,40.3125,22.5,2026-01-16,
3.1657474,40.3125,22.5,2026-01-17,
3.1657474,40.3125,22.5,2026-01-18,
3.1657474,40.3125,22.5,2026-01-19,
3.1657474,40.3125,22.5,2026-01-20,
3.1657474,40.3125,22.5,2026-01-21,
3.1657474,40.3125,22.5,2026-01-22,
3.1657474,40.3125,22.5,2026-01-23,
3.1657474,40.3125,22.5,2026-01-24,
3.1657474,40.3125,22.5,2026-01-25,
3.1657474,40.3125,22.5,2026-01-26,
3.1657474,40.3125,22.5,2026-01-27,
3.1657474,40.3125,22.5,2026-01-28,
3.1657474,40.3125,22.5,2026-01-29,
3.1657474,40.3125,22.5,2026-01-30,
3.1657474,40.3125,22.5,2026-01-31,
3.1657474,40.3125,22.5,2026-02-01,
3.1657474,40.3125,22.5,2026-02-02,
3.1657474,40.3125,22.5,2026-02-03,
3.1657474,40.3125,22.5,2026-02-04,
3.1657474,40.3125,22.5,2026-02-05,
3.1657474,40.3125,22.5,2026-02-06,
3.1657474,40.3125,22.5,2026-02-07,
3.1657474,40.3125,22.5,2026-02-08,
3.1657474,40.3125,22.5,2026-02-09,
3.1657474,40.3125,22.541666,2026-01-10,
3.1657474,40.3125,22.541666,2026-01-11,
3.1657474,40.3125,22.541666,2026-01-12,
3.1657474,40.3125,22.541666,2026-01-13,
3.1657474,40.3125,22.541666,2026-01-14,
3.1657474,40.3125,22.541666,2026-01-15,
3.1657474,40.3125,22.541666,2026-01-16,
3.1657474,40.3125,22.541666,2026-01-17,
3.1657474,40.3125,22.541666,2026-01-18,
3.1657474,40.3125,22.541666,2026-01-19,
3.1657474,40.3125,22.541666,2026-01-20,
3.1657474,40.3125,22.541666,2026-01-21,
3.1657474,40.3125,22.541666,2026-01-22,
3.1657474,40.3125,22.541666,2026-01-23,
3.1657474,40.3125,22.541666,2026-01-24,
3.1657474,40.3125,22.541666,2026-01-25,
3.1657474,40.3125,22.541666,2026-01-26,
3.1657474,40.3125,22.541666,2026-01-27,
3.1657474,40.3125,22.541666,2026-01-28,
3.1657474,40.3125,22.541666,2026-01-29,
3.1657474,40.3125,22.541666,2026-01-30,
3.1657474,40.3125,22.541666,2026-01-31,
3.1657474,40.3125,22.541666,2026-02-01,
3.1657474,40.3125,22.541666,2026-02-02,
3.1657474,40.3125,22.541666,2026-02-03,
3.1657474,40.3125,22.541666,2026-02-04,
3.1657474,40.3125,22.541666,2026-02-05,
3.1657474,40.3125,22.541666,2026-02-06,
3.1657474,40.3125,22.541666,2026-02-07,
3.1657474,40.3125,22.541666,2026-02-08,
3.1657474,40.3125,22.541666,2026-02-09,
3.1657474,40.3125,22.583334,2026-01-10,
3.1657474,40.3125,22.583334,2026-01-11,
3.1657474,40.3125,22.583334,2026-01-12,
3.1657474,40.3125,22.583334,2026-01-13,
3.1657474,40.3125,22.583334,2026-01-14,
3.1657474,40.3125,22.583334,2026-01-15,
3.1657474,40.3125,22.583334,2026-01-16,
3.1657474,40.3125,22.583334,2026-01-17,
3.1657474,40.3125,22.583334,2026-01-18,
3.1657474,40.3125,22.583334,2026-01-19,
3.1657474,40.3125,22.583334,2026-01-20,
3.1657474,40.3125,22.583334,2026-01-21,
3.1657474,40.3125,22.583334,2026-01-22,
3.1657474,40.3125,22.583334,2026-01-23,
3.1657474,40.3125,22.583334,2026-01-24,
3.1657474,40.3125,22.583334,2026-01-25,
3.1657474,40.3125,22.583334,2026-01-26,
3.1657474,40.3125,22.583334,2026-01-27,
3.1657474,40.3125,22.583334,2026-01-28,
3.1657474,40.3125,22.583334,2026-01-29,
3.1657474,40.3125,22.583334,2026-01-30,
3.1657474,40.3125,22.583334,2026-01-31,
3.1657474,40.3125,22.583334,2026-02-01,
3.1657474,40.3125,22.583334,2026-02-02,
3.1657474,40.3125,22.583334,2026-02-03,
3.1657474,40.3125,22.583334,2026-02-04,
3.1657474,40.3125,22.583334,2026-02-05,
3.1657474,40.3125,22.583334,2026-02-06,
3.1657474,40.3125,22.583334,2026-02-07,
3.1657474,40.3125,22.583334,2026-02-08,
3.1657474,40.3125,22.583334,2026-02-09,
3.1657474,40.3125,22.625,2026-01-10,36.348186
3.1657474,40.3125,22.625,2026-01-11,35.916138
3.1657474,40.3125,22.625,2026-01-12,36.15926
3.1657474,40.3125,22.625,2026-01-13,36.463074
3.1657474,40.3125,22.625,2026-01-14,36.51186
3.1657474,40.3125,22.625,2026-01-15,36.547855
3.1657474,40.3125,22.625,2026-01-16,36.505096
3.1657474,40.3125,22.625,2026-01-17,36.580215
3.1657474,40.3125,22.625,2026-01-18,36.717297
3.1657474,40.3125,22.625,2026-01-19,36.787888
3.1657474,40.3125,22.625,2026-01-20,36.772636
3.1657474,40.3125,22.625,2026-01-21,36.288376
3.1657474,40.3125,22.625,2026-01-22,36.04001
3.1657474,40.3125,22.625,2026-01-23,36.151077
3.1657474,40.3125,22.625,2026-01-24,36.303856
3.1657474,40.3125,22.625,2026-01-25,36.42521
3.1657474,40.3125,22.625,2026-01-26,36.541115
3.1657474,40.3125,22.625,2026-01-27,36.518467
3.1657474,40.3125,22.625,2026-01-28,36.093792
3.1657474,40.3125,22.625,2026-01-29,35.79209
3.1657474,40.3125,22.625,2026-01-30,35.302547
3.1657474,40.3125,22.625,2026-01-31,35.289368
3.1657474,40.3125,22.625,2026-02-01,35.60363
3.1657474,40.3125,22.625,2026-02-02,34.790714
3.1657474,40.3125,22.625,2026-02-03,35.13466
3.1657474,40.3125,22.625,2026-02-04,35.353252
3.1657474,40.3125,22.625,2026-02-05,35.34163
3.1657474,40.3125,22.625,2026-02-06,35.321877
3.1657474,40.3125,22.625,2026-02-07,35.00743
3.1657474,40.3125,22.625,2026-02-08,34.979572
3.1657474,40.3125,22.625,2026-02-09,34.599323
3.1657474,40.3125,22.666666,2026-01-10,37.175686
3.1657474,40.3125,22.666666,2026-01-11,36.79379
3.1657474,40.3125,22.666666,2026-01-12,36.879856
3.1657474,40.3125,22.666666,2026-01-13,36.74389
3.1657474,40.3125,22.666666,2026-01-14,36.75706
3.1657474,40.3125,22.666666,2026-01-15,36.680065
3.1657474,40.3125,22.666666,2026-01-16,36.585823
3.1657474,40.3125,22.666666,2026-01-17,36.905632
3.1657474,40.3125,22.666666,2026-01-18,37.10784
3.1657474,40.3125,22.666666,2026-01-19,37.259068
3.1657474,40.3125,22.666666,2026-01-20,37.19779
3.1657474,40.3125,22.666666,2026-01-21,36.857082
3.1657474,40.3125,22.666666,2026-01-22,36.686943
3.1657474,40.3125,22.666666,2026-01-23,36.6354
3.1657474,40.3125,22.666666,2026-01-24,36.703686
3.1657474,40.3125,22.666666,2026-01-25,36.75929
3.1657474,40.3125,22.666666,2026-01-26,36.81085
3.1657474,40.3125,22.666666,2026-01-27,36.746048
3.1657474,40.3125,22.666666,2026-01-28,36.66597
3.1657474,40.3125,22.666666,2026-01-29,36.67232
3.1657474,40.3125,22.666666,2026-01-30,36.581684
3.1657474,40.3125,22.666666,2026-01-31,36.500927
3.1657474,40.3125,22.666666,2026-02-01,36.724697
3.1657474,40.3125,22.666666,2026-02-02,36.475204
3.1657474,40.3125,22.666666,2026-02-03,36.533234
3.1657474,40.3125,22.666666,2026-02-04,36.314087
3.1657474,40.3125,22.666666,2026-02-05,36.01726
3.1657474,40.3125,22.666666,2026-02-06,36.10704
3.1657474,40.3125,22.666666,2026-02-07,36.038147
3.1657474,40.3125,22.666666,2026-02-08,35.989006
3.1657474,40.3125,22.666666,2026-02-09,35.45016
3.1657474,40.3125,22.708334,2026-01-10,37.9191
3.1657474,40.3125,22.708334,2026-01-11,37.847946
3.1657474,40.3125,22.708334,2026-01-12,37.531822
3.1657474,40.3125,22.708334,2026-01-13,37.078953
3.1657474,40.3125,22.708334,2026-01-14,37.179905
3.1657474,40.3125,22.708334,2026-01-15,37.154884
3.1657474,40.3125,22.708334,2026-01-16,37.09391
3.1657474,40.3125,22.708334,2026-01-17,37.37163
3.1657474,40.3125,22.708334,2026-01-18,37.55758
3.1657474,40.3125,22.708334,2026-01-19,37.800793
3.1657474,40.3125,22.708334,2026-01-20,37.814053
3.1657474,40.3125,22.708334,2026-01-21,37.6749
3.1657474,40.3125,22.708334,2026-01-22,37.47917
3.1657474,40.3125,22.708334,2026-01-23,37.365387
3.1657474,40.3125,22.708334,2026-01-24,37.22859
3.1657474,40.3125,22.708334,2026-01-25,37.18894
3.1657474,40.3125,22.708334,2026-01-26,37.21004
3.1657474,40.3125,22.708334,2026-01-27,37.185394
3.1657474,40.3125,22.708334,2026-01-28,37.272552
3.1657474,40.3125,22.708334,2026-01-29,37.226593
3.1657474,40.3125,22.708334,2026-01-30,37.358917
3.1657474,40.3125,22.708334,2026-01-31,37.267975
3.1657474,40.3125,22.708334,2026-02-01,37.51612
3.1657474,40.3125,22.708334,2026-02-02,37.42426
3.1657474,40.3125,22.708334,2026-02-03,37.516895
3.1657474,40.3125,22.708334,2026-02-04,37.021282
3.1657474,40.3125,22.708334,2026-02-05,36.82854
3.1657474,40.3125,22.708334,2026-02-06,36.78299
3.1657474,40.3125,22.708334,2026-02-07,36.943375
3.1657474,40.3125,22.708334,2026-02-08,36.82634
3.1657474,40.3125,22.708334,2026-02-09,36.34125
3.1657474,40.3125,22.75,2026-01-10,38.188843
3.1657474,40.3125,22.75,2026-01-11,38.148743
3.1657474,40.3125,22.75,2026-01-12,38.071423
3.1657474,40.3125,22.75,2026-01-13,37.76747
3.1657474,40.3125,22.75,2026-01-14,37.600636
3.1657474,40.3125,22.75,2026-01-15,37.720543
3.1657474,40.3125,22.75,2026-01-16,37.60107
3.1657474,40.3125,22.75,2026-01-17,37.832207
3.1657474,40.3125,22.75,2026-01-18,37.957382
3.1657474,40.3125,22.75,2026-01-19,38.15386
3.1657474,40.3125,22.75,2026-01-20,38.182735
3.1657474,40.3125,22.75,2026-01-21,38.20527
3.1657474,40.3125,22.75,2026-01-22,38.12502
3.1657474,40.3125,22.75,2026-01-23,37.93549
3.1657474,40.3125,22.75,2026-01-24,37.754265
3.1657474,40.3125,22.75,2026-01-25,37.680374
3.1657474,40.3125,22.75,2026-01-26,37.668747
3.1657474,40.3125,22.75,2026-01-27,37.686142
3.1657474,40.3125,22.75,2026-01-28,37.829636
3.1657474,40.3125,22.75,2026-01-29,37.68126
3.1657474,40.3125,22.75,2026-01-30,37.786903
3.1657474,40.3125,22.75,2026-01-31,37.795296
3.1657474,40.3125,22.75,2026-02-01,37.900692
3.1657474,40.3125,22.75,2026-02-02,37.827045
3.1657474,40.3125,22.75,2026-02-03,37.963802
3.1657474,40.3125,22.75,2026-02-04,37.533707
3.1657474,40.3125,22.75,2026-02-05,37.516365
3.1657474,40.3125,22.75,2026-02-06,37.41899
3.1657474,40.3125,22.75,2026-02-07,37.573463
3.1657474,40.3125,22.75,2026-02-08,37.41211
3.1657474,40.3125,22.75,2026-02-09,37.093803
3.1657474,40.3125,22.791666,2026-01-10,38.25456
3.1657474,40.3125,22.791666,2026-01-11,38.23372
3.1657474,40.3125,22.791666,2026-01-12,38.170025
3.1657474,40.3125,22.791666,2026-01-13,38.150562
3.1657474,40.3125,22.791666,2026-01-14,38.11257
3.1657474,40.3125,22.791666,2026-01-15,38.103855
3.1657474,40.3125,22.791666,2026-01-16,38.063175
3.1657474,40.3125,22.791666,2026-01-17,38.092133
3.1657474,40.3125,22.791666,2026-01-18,38.09165
3.1657474,40.3125,22.791666,2026-01-19,38.157963
3.1657474,40.3125,22.791666,2026-01-20,38.18801
3.1657474,40.3125,22.791666,2026-01-21,38.209156
3.1657474,40.3125,22.791666,2026-01-22,38.191143
3.1657474,40.3125,22.791666,2026-01-23,38.157593
3.1657474,40.3125,22.791666,2026-01-24,38.127083
3.1657474,40.3125,22.791666,2026-01-25,38.09056
3.1657474,40.3125,22.791666,2026-01-26,38.04115
3.1657474,40.3125,22.791666,2026-01-27,38.007656
3.1657474,40.3125,22.791666,2026-01-28,38.090733
3.1657474,40.3125,22.791666,2026-01-29,38.026363
3.1657474,40.3125,22.791666,2026-01-30,38.073536
3.1657474,40.3125,22.791666,2026-01-31,38.01628
3.1657474,40.3125,22.791666,2026-02-01,38.022846
3.1657474,40.3125,22.791666,2026-02-02,38.03108
3.1657474,40.3125,22.791666,2026-02-03,38.044502
3.1657474,40.3125,22.791666,2026-02-04,37.780212
3.1657474,40.3125,22.791666,2026-02-05,37.826027
3.1657474,40.3125,22.791666,2026-02-06,37.685505
3.1657474,40.3125,22.791666,2026-02-07,37.796825
3.1657474,40.3125,22.791666,2026-02-08,37.699
3.1657474,40.3125,22.791666,2026-02-09,37.532692
3.1657474,40.3125,22.833334,2026-01-10,38.282013
3.1657474,40.3125,22.833334,2026-01-11,38.281616
3.1657474,40.3125,22.833334,2026-01-12,38.21901
3.1657474,40.3125,22.833334,2026-01-13,38.137398
3.1657474,40.3125,22.833334,2026-01-14,38.1177
3.1657474,40.3125,22.833334,2026-01-15,38.10857
3.1657474,40.3125,22.833334,2026-01-16,38.10148
3.1657474,40.3125,22.833334,2026-01-17,38.09625
3.1657474,40.3125,22.833334,2026-01-18,38.102074
3.1657474,40.3125,22.833334,2026-01-19,38.122154
3.1657474,40.3125,22.833334,2026-01-20,38.162155
3.1657474,40.3125,22.833334,2026-01-21,38.202293
3.1657474,40.3125,22.833334,2026-01-22,38.193478
3.1657474,40.3125,22.833334,2026-01-23,38.16118
3.1657474,40.3125,22.833334,2026-01-24,38.147408
3.1657474,40.3125,22.833334,2026-01-25,38.149853
3.1657474,40.3125,22.833334,2026-01-26,38.12181
3.1657474,40.3125,22.833334,2026-01-27,38.090084
3.1657474,40.3125,22.833334,2026-01-28,38.13448
3.1657474,40.3125,22.833334,2026-01-29,38.130573
3.1657474,40.3125,22.833334,2026-01-30,38.125736
3.1657474,40.3125,22.833334,2026-01-31,38.119946
3.1657474,40.3125,22.833334,2026-02-01,38.04833
3.1657474,40.3125,22.833334,2026-02-02,38.080147
3.1657474,40.3125,22.833334,2026-02-03,38.06666
3.1657474,40.3125,22.833334,2026-02-04,37.956635
3.1657474,40.3125,22.833334,2026-02-05,37.959454
3.1657474,40.3125,22.833334,2026-02-06,37.8669
3.1657474,40.3125,22.833334,2026-02-07,37.926304
3.1657474,40.3125,22.833334,2026-02-08,37.835743
3.1657474,40.3125,22.833334,2026-02-09,37.794487
3.1657474,40.3125,22.875,2026-01-10,38.261684
3.1657474,40.3125,22.875,2026-01-11,38.26633
3.1657474,40.3125,22.875,2026-01-12,38.198803
3.1657474,40.3125,22.875,2026-01-13,38.08218
3.1657474,40.3125,22.875,2026-01-14,38.0602
3.1657474,40.3125,22.875,2026-01-15,38.057133
3.1657474,40.3125,22.875,2026-01-16,38.056587
3.1657474,40.3125,22.875,2026-01-17,38.056225
3.1657474,40.3125,22.875,2026-01-18,38.06186
3.1657474,40.3125,22.875,2026-01-19,38.06217
3.1657474,40.3125,22.875,2026-01-20,38.103577
3.1657474,40.3125,22.875,2026-01-21,38.166225
3.1657474,40.3125,22.875,2026-01-22,38.181812
3.1657474,40.3125,22.875,2026-01-23,38.152992
3.1657474,40.3125,22.875,2026-01-24,38.124332
3.1657474,40.3125,22.875,2026-01-25,38.121075
3.1657474,40.3125,22.875,2026-01-26,38.09071
3.1657474,40.3125,22.875,2026-01-27,38.057125
3.1657474,40.3125,22.875,2026-01-28,38.116882
3.1657474,40.3125,22.875,2026-01-29,38.115997
3.1657474,40.3125,22.875,2026-01-30,38.107193
3.1657474,40.3125,22.875,2026-01-31,38.102757
3.1657474,40.3125,22.875,2026-02-01,38.03594
3.1657474,40.3125,22.875,2026-02-02,38.064537
3.1657474,40.3125,22.875,2026-02-03,38.059784
3.1657474,40.3125,22.875,2026-02-04,38.040882
3.1657474,40.3125,22.875,2026-02-05,38.03357
3.1657474,40.3125,22.875,2026-02-06,37.994442
3.1657474,40.3125,22.875,2026-02-07,38.004513
3.1657474,40.3125,22.875,2026-02-08,37.961117
3.1657474,40.3125,22.875,2026-02-09,37.94729
3.1657474,40.3125,22.916666,2026-01-10,38.180424
3.1657474,40.3125,22.916666,2026-01-11,38.189346
3.1657474,40.3125,22.916666,2026-01-12,38.14414
3.1657474,40.3125,22.916666,2026-01-13,38.03997
3.1657474,40.3125,22.916666,2026-01-14,38.005856
3.1657474,40.3125,22.916666,2026-01-15,37.992996
3.1657474,40.3125,22.916666,2026-01-16,37.982357
3.1657474,40.3125,22.916666,2026-01-17,37.99045
3.1657474,40.3125,22.916666,2026-01-18,38.015057
3.1657474,40.3125,22.916666,2026-01-19,38.012733
3.1657474,40.3125,22.916666,2026-01-20,38.027714
3.1657474,40.3125,22.916666,2026-01-21,38.074482
3.1657474,40.3125,22.916666,2026-01-22,38.080772
3.1657474,40.3125,22.916666,2026-01-23,38.06214
3.1657474,40.3125,22.916666,2026-01-24,38.060074
3.1657474,40.3125,22.916666,2026-01-25,38.061584
3.1657474,40.3125,22.916666,2026-01-26,38.034363
3.1657474,40.3125,22.916666,2026-01-27,38.00057
3.1657474,40.3125,22.916666,2026-01-28,38.069885
3.1657474,40.3125,22.916666,2026-01-29,38.082638
3.1657474,40.3125,22.916666,2026-01-30,38.07811
3.1657474,40.3125,22.916666,2026-01-31,38.076252
3.1657474,40.3125,22.916666,2026-02-01,38.008274
3.1657474,40.3125,22.916666,2026-02-02,38.034332
3.1657474,40.3125,22.916666,2026-02-03,38.032864
3.1657474,40.3125,22.916666,2026-02-04,38.02293
3.1657474,40.3125,22.916666,2026-02-05,38.012512
3.1657474,40.3125,22.916666,2026-02-06,38.0115
3.1657474,40.3125,22.916666,2026-02-07,38.00945
3.1657474,40.3125,22.916666,2026-02-08,38.004795
3.1657474,40.3125,22.916666,2026-02-09,38.02201
3.1657474,40.3125,22.958334,2026-01-10,38.106636
3.1657474,40.3125,22.958334,2026-01-11,38.128563
3.1657474,40.3125,22.958334,2026-01-12,38.12217
3.1657474,40.3125,22.958334,2026-01-13,38.055466
3.1657474,40.3125,22.958334,2026-01-14,38.02986
3.1657474,40.3125,22.958334,2026-01-15,38.012913
3.1657474,40.3125,22.958334,2026-01-16,38.003338
3.1657474,40.3125,22.958334,2026-01-17,37.98188
3.1657474,40.3125,22.958334,2026-01-18,37.988033
3.1657474,40.3125,22.958334,2026-01-19,37.993183
3.1657474,40.3125,22.958334,2026-01-20,37.991116
3.1657474,40.3125,22.958334,2026-01-21,38.00163
3.1657474,40.3125,22.958334,2026-01-22,38.02155
3.1657474,40.3125,22.958334,2026-01-23,38.03062
3.1657474,40.3125,22.958334,2026-01-24,38.028343
3.1657474,40.3125,22.958334,2026-01-25,38.025955
3.1657474,40.3125,22.958334,2026-01-26,37.99961
3.1657474,40.3125,22.958334,2026-01-27,37.969357
3.1657474,40.3125,22.958334,2026-01-28,38.030453
3.1657474,40.3125,22.958334,2026-01-29,38.060596
3.1657474,40.3125,22.958334,2026-01-30,38.0564
3.1657474,40.3125,22.958334,2026-01-31,38.05606
3.1657474,40.3125,22.958334,2026-02-01,37.99164
3.1657474,40.3125,22.958334,2026-02-02,38.01861
3.1657474,40.3125,22.958334,2026-02-03,38.015926
3.1657474,40.3125,22.958334,2026-02-04,38.00753
3.1657474,40.3125,22.958334,2026-02-05,38.006187
3.1657474,40.3125,22.958334,2026-02-06,38.00845
3.1657474,40.3125,22.958334,2026-02-07,38.00583
3.1657474,40.3125,22.958334,2026-02-08,38.000416
3.1657474,40.3125,22.958334,2026-02-09,38.008785
3.1657474,40.3125,23.0,2026-01-10,38.06711
3.1657474,40.3125,23.0,2026-01-11,38.100544
3.1657474,40.3125,23.0,2026-01-12,38.129208
3.1657474,40.3125,23.0,2026-01-13,38.106964
3.1657474,40.3125,23.0,2026-01-14,38.11208
3.1657474,40.3125,23.0,2026-01-15,38.12121
3.1657474,40.3125,23.0,2026-01-16,38.13165
3.1657474,40.3125,23.0,2026-01-17,38.115322
3.1657474,40.3125,23.0,2026-01-18,38.09899
3.1657474,40.3125,23.0,2026-01-19,38.10029
3.1657474,40.3125,23.0,2026-01-20,38.04373
3.1657474,40.3125,23.0,2026-01-21,38.0019
3.1657474,40.3125,23.0,2026-01-22,37.98789
3.1657474,40.3125,23.0,2026-01-23,38.010754
3.1657474,40.3125,23.0,2026-01-24,38.027378
3.1657474,40.3125,23.0,2026-01-25,38.034138
3.1657474,40.3125,23.0,2026-01-26,37.9695
3.1657474,40.3125,23.0,2026-01-27,37.981693
3.1657474,40.3125,23.0,2026-01-28,38.04706
3.1657474,40.3125,23.0,2026-01-29,38.04192
3.1657474,40.3125,23.0,2026-01-30,38.044846
3.1657474,40.3125,23.0,2026-01-31,38.043854
3.1657474,40.3125,23.0,2026-02-01,37.989178
3.1657474,40.3125,23.0,2026-02-02,38.007957
3.1657474,40.3125,23.0,2026-02-03,38.006012
3.1657474,40.3125,23.0,2026-02-04,38.00224
3.1657474,40.3125,23.0,2026-02-05,38.01207
3.1657474,40.3125,23.0,2026-02-06,38.016815
3.1657474,40.3125,23.0,2026-02-07,38.01782
3.1657474,40.3125,23.0,2026-02-08,38.013416
3.1657474,40.3125,23.0,2026-02-09,38.01321
3.1657474,40.354168,22.5,2026-01-10,
3.1657474,40.354168,22.5,2026-01-11,
3.1657474,40.354168,22.5,2026-01-12,
3.1657474,40.354168,22.5,2026-01-13,
3.1657474,40.354168,22.5,2026-01-14,
3.1657474,40.354168,22.5,2026-01-15,
3.1657474,40.354168,22.5,2026-01-16,
3.1657474,40.354168,22.5,2026-01-17,
3.1657474,40.354168,22.5,2026-01-18,
3.1657474,40.354168,22.5,2026-01-19,
3.1657474,40.354168,22.5,2026-01-20,
3.1657474,40.354168,22.5,2026-01-21,
3.1657474,40.354168,22.5,2026-01-22,
3.1657474,40.354168,22.5,2026-01-23,
3.1657474,40.354168,22.5,2026-01-24,
3.1657474,40.354168,22.5,2026-01-25,
3.1657474,40.354168,22.5,2026-01-26,
3.1657474,40.354168,22.5,2026-01-27,
3.1657474,40.354168,22.5,2026-01-28,
3.1657474,40.354168,22.5,2026-01-29,
3.1657474,40.354168,22.5,2026-01-30,
3.1657474,40.354168,22.5,2026-01-31,
3.1657474,40.354168,22.5,2026-02-01,
3.1657474,40.354168,22.5,2026-02-02,
3.1657474,40.354168,22.5,2026-02-03,
3.1657474,40.354168,22.5,2026-02-04,
3.1657474,40.354168,22.5,2026-02-05,
3.1657474,40.354168,22.5,2026-02-06,
3.1657474,40.354168,22.5,2026-02-07,
3.1657474,40.354168,22.5,2026-02-08,
3.1657474,40.354168,22.5,2026-02-09,
3.1657474,40.354168,22.541666,2026-01-10,
3.1657474,40.354168,22.541666,2026-01-11,
3.1657474,40.354168,22.541666,2026-01-12,
3.1657474,40.354168,22.541666,2026-01-13,
3.1657474,40.354168,22.541666,2026-01-14,
3.1657474,40.354168,22.541666,2026-01-15,
3.1657474,40.354168,22.541666,2026-01-16,
3.1657474,40.354168,22.541666,2026-01-17,
3.1657474,40.354168,22.541666,2026-01-18,
3.1657474,40.354168,22.541666,2026-01-19,
3.1657474,40.354168,22.541666,2026-01-20,
3.1657474,40.354168,22.541666,2026-01-21,
3.1657474,40.354168,22.541666,2026-01-22,
3.1657474,40.354168,22.541666,2026-01-23,
3.1657474,40.354168,22.541666,2026-01-24,
3.1657474,40.354168,22.541666,2026-01-25,
3.1657474,40.354168,22.541666,2026-01-26,
3.1657474,40.354168,22.541666,2026-01-27,
3.1657474,40.354168,22.541666,2026-01-28,
3.1657474,40.354168,22.541666,2026-01-29,
3.1657474,40.354168,22.541666,2026-01-30,
3.1657474,40.354168,22.541666,2026-01-31,
3.1657474,40.354168,22.541666,2026-02-01,
3.1657474,40.354168,22.541666,2026-02-02,
3.1657474,40.354168,22.541666,2026-02-03,
3.1657474,40.354168,22.541666,2026-02-04,
3.1657474,40.354168,22.541666,2026-02-05,
3.1657474,40.354168,22.541666,2026-02-06,
3.1657474,40.354168,22.541666,2026-02-07,
3.1657474,40.354168,22.541666,2026-02-08,
3.1657474,40.354168,22.541666,2026-02-09,
3.1657474,40.354168,22.583334,2026-01-10,
3.1657474,40.354168,22.583334,2026-01-11,
3.1657474,40.354168,22.583334,2026-01-12,
3.1657474,40.354168,22.583334,2026-01-13,
3.1657474,40.354168,22.583334,2026-01-14,
3.1657474,40.354168,22.583334,2026-01-15,
3.1657474,40.354168,22.583334,2026-01-16,
3.1657474,40.354168,22.583334,2026-01-17,
3.1657474,40.354168,22.583334,2026-01-18,
3.1657474,40.354168,22.583334,2026-01-19,
3.1657474,40.354168,22.583334,2026-01-20,
3.1657474,40.354168,22.583334,2026-01-21,
3.1657474,40.354168,22.583334,2026-01-22,
3.1657474,40.354168,22.583334,2026-01-23,
3.1657474,40.354168,22.583334,2026-01-24,
3.1657474,40.354168,22.583334,2026-01-25,
3.1657474,40.354168,22.583334,2026-01-26,
3.1657474,40.354168,22.583334,2026-01-27,
3.1657474,40.354168,22.583334,2026-01-28,
3.1657474,40.354168,22.583334,2026-01-29,
3.1657474,40.354168,22.583334,2026-01-30,
3.1657474,40.354168,22.583334,2026-01-31,
3.1657474,40.354168,22.583334,2026-02-01,
3.1657474,40.354168,22.583334,2026-02-02,
3.1657474,40.354168,22.583334,2026-02-03,
3.1657474,40.354168,22.583334,2026-02-04,
3.1657474,40.354168,22.583334,2026-02-05,
3.1657474,40.354168,22.583334,2026-02-06,
3.1657474,40.354168,22.583334,2026-02-07,
3.1657474,40.354168,22.583334,2026-02-08,
3.1657474,40.354168,22.583334,2026-02-09,
3.1657474,40.354168,22.625,2026-01-10,36.020103
3.1657474,40.354168,22.625,2026-01-11,35.69372
3.1657474,40.354168,22.625,2026-01-12,36.200985
3.1657474,40.354168,22.625,2026-01-13,36.47057
3.1657474,40.354168,22.625,2026-01-14,36.490288
3.1657474,40.354168,22.625,2026-01-15,36.35984
3.1657474,40.354168,22.625,2026-01-16,36.1405
3.1657474,40.354168,22.625,2026-01-17,36.228252
3.1657474,40.354168,22.625,2026-01-18,36.426357
3.1657474,40.354168,22.625,2026-01-19,36.603836
3.1657474,40.354168,22.625,2026-01-20,36.584057
3.1657474,40.354168,22.625,2026-01-21,35.890812
3.1657474,40.354168,22.625,2026-01-22,35.996223
3.1657474,40.354168,22.625,2026-01-23,36.334454
3.1657474,40.354168,22.625,2026-01-24,36.618008
3.1657474,40.354168,22.625,2026-01-25,36.739704
3.1657474,40.354168,22.625,2026-01-26,36.78096
3.1657474,40.354168,22.625,2026-01-27,36.389706
3.1657474,40.354168,22.625,2026-01-28,35.654404
3.1657474,40.354168,22.625,2026-01-29,35.376488
3.1657474,40.354168,22.625,2026-01-30,34.861717
3.1657474,40.354168,22.625,2026-01-31,34.949158
3.1657474,40.354168,22.625,2026-02-01,34.984962
3.1657474,40.354168,22.625,2026-02-02,34.21223
3.1657474,40.354168,22.625,2026-02-03,34.923187
3.1657474,40.354168,22.625,2026-02-04,35.142593
3.1657474,40.354168,22.625,2026-02-05,35.18276
3.1657474,40.354168,22.625,2026-02-06,35.128506
3.1657474,40.354168,22.625,2026-02-07,34.797764
3.1657474,40.354168,22.625,2026-02-08,34.7892
3.1657474,40.354168,22.625,2026-02-09,34.522327
3.1657474,40.354168,22.666666,2026-01-10,37.102028
3.1657474,40.354168,22.666666,2026-01-11,36.515636
3.1657474,40.354168,22.666666,2026-01-12,36.98096
3.1657474,40.354168,22.666666,2026-01-13,36.857212
3.1657474,40.354168,22.666666,2026-01-14,36.641056
3.1657474,40.354168,22.666666,2026-01-15,36.436695
3.1657474,40.354168,22.666666,2026-01-16,36.279133
3.1657474,40.354168,22.666666,2026-01-17,36.385517
3.1657474,40.354168,22.666666,2026-01-18,36.66454
3.1657474,40.354168,22.666666,2026-01-19,37.07085
3.1657474,40.354168,22.666666,2026-01-20,37.16354
3.1657474,40.354168,22.666666,2026-01-21,36.570385
3.1657474,40.354168,22.666666,2026-01-22,36.83434
3.1657474,40.354168,22.666666,2026-01-23,36.84665
3.1657474,40.354168,22.666666,2026-01-24,36.884842
3.1657474,40.354168,22.666666,2026-01-25,36.918766
3.1657474,40.354168,22.666666,2026-01-26,36.893875
3.1657474,40.354168,22.666666,2026-01-27,36.657097
3.1657474,40.354168,22.666666,2026-01-28,36.46406
3.1657474,40.354168,22.666666,2026-01-29,36.19527
3.1657474,40.354168,22.666666,2026-01-30,36.053043
3.1657474,40.354168,22.666666,2026-01-31,35.898735
3.1657474,40.354168,22.666666,2026-02-01,35.941444
3.1657474,40.354168,22.666666,2026-02-02,35.70334
3.1657474,40.354168,22.666666,2026-02-03,35.988323
3.1657474,40.354168,22.666666,2026-02-04,35.817825
3.1657474,40.354168,22.666666,2026-02-05,35.605865
3.1657474,40.354168,22.666666,2026-02-06,35.628147
3.1657474,40.354168,22.666666,2026-02-07,35.613037
3.1657474,40.354168,22.666666,2026-02-08,35.551952
3.1657474,40.354168,22.666666,2026-02-09,35.126366
3.1657474,40.354168,22.708334,2026-01-10,37.943344
3.1657474,40.354168,22.708334,2026-01-11,37.578423
3.1657474,40.354168,22.708334,2026-01-12,37.708656
3.1657474,40.354168,22.708334,2026-01-13,37.53372
3.1657474,40.354168,22.708334,2026-01-14,37.21501
3.1657474,40.354168,22.708334,2026-01-15,36.983334
3.1657474,40.354168,22.708334,2026-01-16,36.817413
3.1657474,40.354168,22.708334,2026-01-17,36.730175
3.1657474,40.354168,22.708334,2026-01-18,36.840023
3.1657474,40.354168,22.708334,2026-01-19,37.450623
3.1657474,40.354168,22.708334,2026-01-20,37.71614
3.1657474,40.354168,22.708334,2026-01-21,37.45294
3.1657474,40.354168,22.708334,2026-01-22,37.544952
3.1657474,40.354168,22.708334,2026-01-23,37.407642
3.1657474,40.354168,22.708334,2026-01-24,37.33124
3.1657474,40.354168,22.708334,2026-01-25,37.295597
3.1657474,40.354168,22.708334,2026-01-26,37.196793
3.1657474,40.354168,22.708334,2026-01-27,37.154884
3.1657474,40.354168,22.708334,2026-01-28,37.121277
3.1657474,40.354168,22.708334,2026-01-29,36.87181
3.1657474,40.354168,22.708334,2026-01-30,36.831703
3.1657474,40.354168,22.708334,2026-01-31,36.75992
3.1657474,40.354168,22.708334,2026-02-01,36.711052
3.1657474,40.354168,22.708334,2026-02-02,36.72191
3.1657474,40.354168,22.708334,2026-02-03,36.762363
3.1657474,40.354168,22.708334,2026-02-04,36.2964
3.1657474,40.354168,22.708334,2026-02-05,36.274548
3.1657474,40.354168,22.708334,2026-02-06,36.21196
3.1657474,40.354168,22.708334,2026-02-07,36.36297
3.1657474,40.354168,22.708334,2026-02-08,36.308987
3.1657474,40.354168,22.708334,2026-02-09,35.83658
3.1657474,40.354168,22.75,2026-01-10,38.117702
3.1657474,40.354168,22.75,2026-01-11,38.090603
3.1657474,40.354168,22.75,2026-01-12,38.05541
3.1657474,40.354168,22.75,2026-01-13,38.005272
3.1657474,40.354168,22.75,2026-01-14,37.7955
3.1657474,40.354168,22.75,2026-01-15,37.429993
3.1657474,40.354168,22.75,2026-01-16,37.313602
3.1657474,40.354168,22.75,2026-01-17,37.16871
3.1657474,40.354168,22.75,2026-01-18,37.0854
3.1657474,40.354168,22.75,2026-01-19,37.637466
3.1657474,40.354168,22.75,2026-01-20,37.910805
3.1657474,40.354168,22.75,2026-01-21,38.01855
3.1657474,40.354168,22.75,2026-01-22,38.060493
3.1657474,40.354168,22.75,2026-01-23,37.981014
3.1657474,40.354168,22.75,2026-01-24,37.852936
3.1657474,40.354168,22.75,2026-01-25,37.75356
3.1657474,40.354168,22.75,2026-01-26,37.629528
3.1657474,40.354168,22.75,2026-01-27,37.657307
3.1657474,40.354168,22.75,2026-01-28,37.63288
3.1657474,40.354168,22.75,2026-01-29,37.404934
3.1657474,40.354168,22.75,2026-01-30,37.517998
3.1657474,40.354168,22.75,2026-01-31,37.391273
3.1657474,40.354168,22.75,2026-02-01,37.292957
3.1657474,40.354168,22.75,2026-02-02,37.3394
3.1657474,40.354168,22.75,2026-02-03,37.19637
3.1657474,40.354168,22.75,2026-02-04,36.782158
3.1657474,40.354168,22.75,2026-02-05,36.877003
3.1657474,40.354168,22.75,2026-02-06,36.828033
3.1657474,40.354168,22.75,2026-02-07,36.988075
3.1657474,40.354168,22.75,2026-02-08,36.941437
3.1657474,40.354168,22.75,2026-02-09,36.48528
3.1657474,40.354168,22.791666,2026-01-10,38.108658
3.1657474,40.354168,22.791666,2026-01-11,38.10219
3.1657474,40.354168,22.791666,2026-01-12,38.10164
3.1657474,40.354168,22.791666,2026-01-13,38.07737
3.1657474,40.354168,22.791666,2026-01-14,38.07892
3.1657474,40.354168,22.791666,2026-01-15,38.03582
3.1657474,40.354168,22.791666,2026-01-16,37.763077
3.1657474,40.354168,22.791666,2026-01-17,37.617447
3.1657474,40.354168,22.791666,2026-01-18,37.35158
3.1657474,40.354168,22.791666,2026-01-19,37.621117
3.1657474,40.354168,22.791666,2026-01-20,37.796314
3.1657474,40.354168,22.791666,2026-01-21,37.903664
3.1657474,40.354168,22.791666,2026-01-22,37.948475
3.1657474,40.354168,22.791666,2026-01-23,37.99317
3.1657474,40.354168,22.791666,2026-01-24,38.059658
3.1657474,40.354168,22.791666,2026-01-25,38.06783
3.1657474,40.354168,22.791666,2026-01-26,38.00428
3.1657474,40.354168,22.791666,2026-01-27,37.979908
3.1657474,40.354168,22.791666,2026-01-28,38.034542
3.1657474,40.354168,22.791666,2026-01-29,37.872047
3.1657474,40.354168,22.791666,2026-01-30,37.902718
3.1657474,40.354168,22.791666,2026-01-31,37.80881
3.1657474,40.354168,22.791666,2026-02-01,37.700462
3.1657474,40.354168,22.791666,2026-02-02,37.71777
3.1657474,40.354168,22.791666,2026-02-03,37.557014
3.1657474,40.354168,22.791666,2026-02-04,37.2741
3.1657474,40.354168,22.791666,2026-02-05,37.31231
3.1657474,40.354168,22.791666,2026-02-06,37.303574
3.1657474,40.354168,22.791666,2026-02-07,37.341824
3.1657474,40.354168,22.791666,2026-02-08,37.310677
3.1657474,40.354168,22.791666,2026-02-09,37.091297
3.1657474,40.354168,22.833334,2026-01-10,38.101665
3.1657474,40.354168,22.833334,2026-01-11,38.106304
3.1657474,40.354168,22.833334,2026-01-12,38.036194
3.1657474,40.354168,22.833334,2026-01-13,38.01425
3.1657474,40.354168,22.833334,2026-01-14,38.018093
3.1657474,40.354168,22.833334,2026-01-15,38.019947
3.1657474,40.354168,22.833334,2026-01-16,38.006535
3.1657474,40.354168,22.833334,2026-01-17,37.981388
3.1657474,40.354168,22.833334,2026-01-18,37.6546
3.1657474,40.354168,22.833334,2026-01-19,37.62202
3.1657474,40.354168,22.833334,2026-01-20,37.76267
3.1657474,40.354168,22.833334,2026-01-21,37.821953
3.1657474,40.354168,22.833334,2026-01-22,37.873943
3.1657474,40.354168,22.833334,2026-01-23,37.95672
3.1657474,40.354168,22.833334,2026-01-24,38.034294
3.1657474,40.354168,22.833334,2026-01-25,38.068993
3.1657474,40.354168,22.833334,2026-01-26,38.06227
3.1657474,40.354168,22.833334,2026-01-27,38.04399
3.1657474,40.354168,22.833334,2026-01-28,38.079205
3.1657474,40.354168,22.833334,2026-01-29,38.085335
3.1657474,40.354168,22.833334,2026-01-30,38.07837
3.1657474,40.354168,22.833334,2026-01-31,38.06277
3.1657474,40.354168,22.833334,2026-02-01,37.95909
3.1657474,40.354168,22.833334,2026-02-02,38.014942
3.1657474,40.354168,22.833334,2026-02-03,37.880085
3.1657474,40.354168,22.833334,2026-02-04,37.736767
3.1657474,40.354168,22.833334,2026-02-05,37.675354
3.1657474,40.354168,22.833334,2026-02-06,37.637867
3.1657474,40.354168,22.833334,2026-02-07,37.61344
3.1657474,40.354168,22.833334,2026-02-08,37.632294
3.1657474,40.354168,22.833334,2026-02-09,37.61476
3.1657474,40.354168,22.875,2026-01-10,38.101418
3.1657474,40.354168,22.875,2026-01-11,38.10163
3.1657474,40.354168,22.875,2026-01-12,37.97816
3.1657474,40.354168,22.875,2026-01-13,37.94044
3.1657474,40.354168,22.875,2026-01-14,37.948658
3.1657474,40.354168,22.875,2026-01-15,37.960594
3.1657474,40.354168,22.875,2026-01-16,37.972805
3.1657474,40.354168,22.875,2026-01-17,37.96581
3.1657474,40.354168,22.875,2026-01-18,37.945805
3.1657474,40.354168,22.875,2026-01-19,37.924004
3.1657474,40.354168,22.875,2026-01-20,37.9179
3.1657474,40.354168,22.875,2026-01-21,37.942078
3.1657474,40.354168,22.875,2026-01-22,37.9021
3.1657474,40.354168,22.875,2026-01-23,37.951904
3.1657474,40.354168,22.875,2026-01-24,38.009796
3.1657474,40.354168,22.875,2026-01-25,38.034092
3.1657474,40.354168,22.875,2026-01-26,38.0117
3.1657474,40.354168,22.875,2026-01-27,37.97642
3.1657474,40.354168,22.875,2026-01-28,38.060257
3.1657474,40.354168,22.875,2026-01-29,38.06318
3.1657474,40.354168,22.875,2026-01-30,38.059677
3.1657474,40.354168,22.875,2026-01-31,38.061825
3.1657474,40.354168,22.875,2026-02-01,37.992477
3.1657474,40.354168,22.875,2026-02-02,38.05047
3.1657474,40.354168,22.875,2026-02-03,38.051544
3.1657474,40.354168,22.875,2026-02-04,38.000298
3.1657474,40.354168,22.875,2026-02-05,37.90362
3.1657474,40.354168,22.875,2026-02-06,37.86625
3.1657474,40.354168,22.875,2026-02-07,37.85703
3.1657474,40.354168,22.875,2026-02-08,37.87476
3.1657474,40.354168,22.875,2026-02-09,37.99465
3.1657474,40.354168,22.916666,2026-01-10,38.079437
3.1657474,40.354168,22.916666,2026-01-11,38.09194
3.1657474,40.354168,22.916666,2026-01-12,38.007374
3.1657474,40.354168,22.916666,2026-01-13,37.949448
3.1657474,40.354168,22.916666,2026-01-14,37.94867
3.1657474,40.354168,22.916666,2026-01-15,37.95073
3.1657474,40.354168,22.916666,2026-01-16,37.95553
3.1657474,40.354168,22.916666,2026-01-17,37.958374
3.1657474,40.354168,22.916666,2026-01-18,37.958344
3.1657474,40.354168,22.916666,2026-01-19,37.955334
3.1657474,40.354168,22.916666,2026-01-20,37.952744
3.1657474,40.354168,22.916666,2026-01-21,37.980534
3.1657474,40.354168,22.916666,2026-01-22,37.96008
3.1657474,40.354168,22.916666,2026-01-23,37.955936
3.1657474,40.354168,22.916666,2026-01-24,37.990273
3.1657474,40.354168,22.916666,2026-01-25,38.007206
3.1657474,40.354168,22.916666,2026-01-26,37.977043
3.1657474,40.354168,22.916666,2026-01-27,37.969162
3.1657474,40.354168,22.916666,2026-01-28,38.04032
3.1657474,40.354168,22.916666,2026-01-29,38.04117
3.1657474,40.354168,22.916666,2026-01-30,38.042633
3.1657474,40.354168,22.916666,2026-01-31,38.044292
3.1657474,40.354168,22.916666,2026-02-01,37.996643
3.1657474,40.354168,22.916666,2026-02-02,38.014812
3.1657474,40.354168,22.916666,2026-02-03,38.026787
3.1657474,40.354168,22.916666,2026-02-04,38.026882
3.1657474,40.354168,22.916666,2026-02-05,38.01215
3.1657474,40.354168,22.916666,2026-02-06,37.99809
3.1657474,40.354168,22.916666,2026-02-07,38.00111
3.1657474,40.354168,22.916666,2026-02-08,38.011536
3.1657474,40.354168,22.916666,2026-02-09,38.041588
3.1657474,40.354168,22.958334,2026-01-10,38.043068
3.1657474,40.354168,22.958334,2026-01-11,38.061684
3.1657474,40.354168,22.958334,2026-01-12,38.063053
3.1657474,40.354168,22.958334,2026-01-13,37.99988
3.1657474,40.354168,22.958334,2026-01-14,37.97715
3.1657474,40.354168,22.958334,2026-01-15,37.962933
3.1657474,40.354168,22.958334,2026-01-16,37.955727
3.1657474,40.354168,22.958334,2026-01-17,37.952087
3.1657474,40.354168,22.958334,2026-01-18,37.954514
3.1657474,40.354168,22.958334,2026-01-19,37.958168
3.1657474,40.354168,22.958334,2026-01-20,37.9594
3.1657474,40.354168,22.958334,2026-01-21,37.958843
3.1657474,40.354168,22.958334,2026-01-22,37.957047
3.1657474,40.354168,22.958334,2026-01-23,37.95928
3.1657474,40.354168,22.958334,2026-01-24,37.967644
3.1657474,40.354168,22.958334,2026-01-25,37.977367
3.1657474,40.354168,22.958334,2026-01-26,37.98146
3.1657474,40.354168,22.958334,2026-01-27,37.97214
3.1657474,40.354168,22.958334,2026-01-28,38.004818
3.1657474,40.354168,22.958334,2026-01-29,38.013386
3.1657474,40.354168,22.958334,2026-01-30,38.01856
3.1657474,40.354168,22.958334,2026-01-31,38.022724
3.1657474,40.354168,22.958334,2026-02-01,37.99822
3.1657474,40.354168,22.958334,2026-02-02,37.98171
3.1657474,40.354168,22.958334,2026-02-03,37.989124
3.1657474,40.354168,22.958334,2026-02-04,37.99224
3.1657474,40.354168,22.958334,2026-02-05,37.988274
3.1657474,40.354168,22.958334,2026-02-06,37.989647
3.1657474,40.354168,22.958334,2026-02-07,37.991158
3.1657474,40.354168,22.958334,2026-02-08,37.995953
3.1657474,40.354168,22.958334,2026-02-09,38.01464
3.1657474,40.354168,23.0,2026-01-10,
3.1657474,40.354168,23.0,2026-01-11,
3.1657474,40.354168,23.0,2026-01-12,
3.1657474,40.354168,23.0,2026-01-13,
3.1657474,40.354168,23.0,2026-01-14,
3.1657474,40.354168,23.0,2026-01-15,
3.1657474,40.354168,23.0,2026-01-16,
3.1657474,40.354168,23.0,2026-01-17,
3.1657474,40.354168,23.0,2026-01-18,
3.1657474,40.354168,23.0,2026-01-19,
3.1657474,40.354168,23.0,2026-01-20,
3.1657474,40.354168,23.0,2026-01-21,
3.1657474,40.354168,23.0,2026-01-22,
3.1657474,40.354168,23.0,2026-01-23,
3.1657474,40.354168,23.0,2026-01-24,
3.1657474,40.354168,23.0,2026-01-25,
3.1657474,40.354168,23.0,2026-01-26,
3.1657474,40.354168,23.0,2026-01-27,
3.1657474,40.354168,23.0,2026-01-28,
3.1657474,40.354168,23.0,2026-01-29,
3.1657474,40.354168,23.0,2026-01-30,
3.1657474,40.354168,23.0,2026-01-31,
3.1657474,40.354168,23.0,2026-02-01,
3.1657474,40.354168,23.0,2026-02-02,
3.1657474,40.354168,23.0,2026-02-03,
3.1657474,40.354168,23.0,2026-02-04,
3.1657474,40.354168,23.0,2026-02-05,
3.1657474,40.354168,23.0,2026-02-06,
3.1657474,40.354168,23.0,2026-02-07,
3.1657474,40.354168,23.0,2026-02-08,
3.1657474,40.354168,23.0,2026-02-09,
3.1657474,40.395832,22.5,2026-01-10,
3.1657474,40.395832,22.5,2026-01-11,
3.1657474,40.395832,22.5,2026-01-12,
3.1657474,40.395832,22.5,2026-01-13,
3.1657474,40.395832,22.5,2026-01-14,
3.1657474,40.395832,22.5,2026-01-15,
3.1657474,40.395832,22.5,2026-01-16,
3.1657474,40.395832,22.5,2026-01-17,
3.1657474,40.395832,22.5,2026-01-18,
3.1657474,40.395832,22.5,2026-01-19,
3.1657474,40.395832,22.5,2026-01-20,
3.1657474,40.395832,22.5,2026-01-21,
3.1657474,40.395832,22.5,2026-01-22,
3.1657474,40.395832,22.5,2026-01-23,
3.1657474,40.395832,22.5,2026-01-24,
3.1657474,40.395832,22.5,2026-01-25,
3.1657474,40.395832,22.5,2026-01-26,
3.1657474,40.395832,22.5,2026-01-27,
3.1657474,40.395832,22.5,2026-01-28,
3.1657474,40.395832,22.5,2026-01-29,
3.1657474,40.395832,22.5,2026-01-30,
3.1657474,40.395832,22.5,2026-01-31,
3.1657474,40.395832,22.5,2026-02-01,
3.1657474,40.395832,22.5,2026-02-02,
3.1657474,40.395832,22.5,2026-02-03,
3.1657474,40.395832,22.5,2026-02-04,
3.1657474,40.395832,22.5,2026-02-05,
3.1657474,40.395832,22.5,2026-02-06,
3.1657474,40.395832,22.5,2026-02-07,
3.1657474,40.395832,22.5,2026-02-08,
3.1657474,40.395832,22.5,2026-02-09,
3.1657474,40.395832,22.541666,2026-01-10,
3.1657474,40.395832,22.541666,2026-01-11,
3.1657474,40.395832,22.541666,2026-01-12,
3.1657474,40.395832,22.541666,2026-01-13,
3.1657474,40.395832,22.541666,2026-01-14,
3.1657474,40.395832,22.541666,2026-01-15,
3.1657474,40.395832,22.541666,2026-01-16,
3.1657474,40.395832,22.541666,2026-01-17,
3.1657474,40.395832,22.541666,2026-01-18,
3.1657474,40.395832,22.541666,2026-01-19,
3.1657474,40.395832,22.541666,2026-01-20,
3.1657474,40.395832,22.541666,2026-01-21,
3.1657474,40.395832,22.541666,2026-01-22,
3.1657474,40.395832,22.541666,2026-01-23,
3.1657474,40.395832,22.541666,2026-01-24,
3.1657474,40.395832,22.541666,2026-01-25,
3.1657474,40.395832,22.541666,2026-01-26,
3.1657474,40.395832,22.541666,2026-01-27,
3.1657474,40.395832,22.541666,2026-01-28,
3.1657474,40.395832,22.541666,2026-01-29,
3.1657474,40.395832,22.541666,2026-01-30,
3.1657474,40.395832,22.541666,2026-01-31,
3.1657474,40.395832,22.541666,2026-02-01,
3.1657474,40.395832,22.541666,2026-02-02,
3.1657474,40.395832,22.541666,2026-02-03,
3.1657474,40.395832,22.541666,2026-02-04,
3.1657474,40.395832,22.541666,2026-02-05,
3.1657474,40.395832,22.541666,2026-02-06,
3.1657474,40.395832,22.541666,2026-02-07,
3.1657474,40.395832,22.541666,2026-02-08,
3.1657474,40.395832,22.541666,2026-02-09,
3.1657474,40.395832,22.583334,2026-01-10,
3.1657474,40.395832,22.583334,2026-01-11,
3.1657474,40.395832,22.583334,2026-01-12,
3.1657474,40.395832,22.583334,2026-01-13,
3.1657474,40.395832,22.583334,2026-01-14,
3.1657474,40.395832,22.583334,2026-01-15,
3.1657474,40.395832,22.583334,2026-01-16,
3.1657474,40.395832,22.583334,2026-01-17,
3.1657474,40.395832,22.583334,2026-01-18,
3.1657474,40.395832,22.583334,2026-01-19,
3.1657474,40.395832,22.583334,2026-01-20,
3.1657474,40.395832,22.583334,2026-01-21,
3.1657474,40.395832,22.583334,2026-01-22,
3.1657474,40.395832,22.583334,2026-01-23,
3.1657474,40.395832,22.583334,2026-01-24,
3.1657474,40.395832,22.583334,2026-01-25,
3.1657474,40.395832,22.583334,2026-01-26,
3.1657474,40.395832,22.583334,2026-01-27,
3.1657474,40.395832,22.583334,2026-01-28,
3.1657474,40.395832,22.583334,2026-01-29,
3.1657474,40.395832,22.583334,2026-01-30,
3.1657474,40.395832,22.583334,2026-01-31,
3.1657474,40.395832,22.583334,2026-02-01,
3.1657474,40.395832,22.583334,2026-02-02,
3.1657474,40.395832,22.583334,2026-02-03,
3.1657474,40.395832,22.583334,2026-02-04,
3.1657474,40.395832,22.583334,2026-02-05,
3.1657474,40.395832,22.583334,2026-02-06,
3.1657474,40.395832,22.583334,2026-02-07,
3.1657474,40.395832,22.583334,2026-02-08,
3.1657474,40.395832,22.583334,2026-02-09,
3.1657474,40.395832,22.625,2026-01-10,35.687977
3.1657474,40.395832,22.625,2026-01-11,35.581997
3.1657474,40.395832,22.625,2026-01-12,36.418827
3.1657474,40.395832,22.625,2026-01-13,36.563705
3.1657474,40.395832,22.625,2026-01-14,36.361126
3.1657474,40.395832,22.625,2026-01-15,35.97622
3.1657474,40.395832,22.625,2026-01-16,35.910618
3.1657474,40.395832,22.625,2026-01-17,35.97578
3.1657474,40.395832,22.625,2026-01-18,36.08927
3.1657474,40.395832,22.625,2026-01-19,36.331078
3.1657474,40.395832,22.625,2026-01-20,36.162674
3.1657474,40.395832,22.625,2026-01-21,35.649914
3.1657474,40.395832,22.625,2026-01-22,36.171726
3.1657474,40.395832,22.625,2026-01-23,36.563946
3.1657474,40.395832,22.625,2026-01-24,36.75255
3.1657474,40.395832,22.625,2026-01-25,36.82307
3.1657474,40.395832,22.625,2026-01-26,36.801872
3.1657474,40.395832,22.625,2026-01-27,36.05525
3.1657474,40.395832,22.625,2026-01-28,35.55289
3.1657474,40.395832,22.625,2026-01-29,35.167145
3.1657474,40.395832,22.625,2026-01-30,34.74339
3.1657474,40.395832,22.625,2026-01-31,34.776608
3.1657474,40.395832,22.625,2026-02-01,34.427704
3.1657474,40.395832,22.625,2026-02-02,33.545784
3.1657474,40.395832,22.625,2026-02-03,34.266052
3.1657474,40.395832,22.625,2026-02-04,34.758198
3.1657474,40.395832,22.625,2026-02-05,35.127087
3.1657474,40.395832,22.625,2026-02-06,34.790524
3.1657474,40.395832,22.625,2026-02-07,34.49908
3.1657474,40.395832,22.625,2026-02-08,34.8774
3.1657474,40.395832,22.625,2026-02-09,34.761024
3.1657474,40.395832,22.666666,2026-01-10,36.71588
3.1657474,40.395832,22.666666,2026-01-11,36.227097
3.1657474,40.395832,22.666666,2026-01-12,36.691425
3.1657474,40.395832,22.666666,2026-01-13,36.57963
3.1657474,40.395832,22.666666,2026-01-14,36.514034
3.1657474,40.395832,22.666666,2026-01-15,36.362396
3.1657474,40.395832,22.666666,2026-01-16,36.07127
3.1657474,40.395832,22.666666,2026-01-17,35.98998
3.1657474,40.395832,22.666666,2026-01-18,36.131245
3.1657474,40.395832,22.666666,2026-01-19,36.585827
3.1657474,40.395832,22.666666,2026-01-20,36.54787
3.1657474,40.395832,22.666666,2026-01-21,36.215065
3.1657474,40.395832,22.666666,2026-01-22,36.77663
3.1657474,40.395832,22.666666,2026-01-23,37.16035
3.1657474,40.395832,22.666666,2026-01-24,37.119514
3.1657474,40.395832,22.666666,2026-01-25,37.01611
3.1657474,40.395832,22.666666,2026-01-26,36.93212
3.1657474,40.395832,22.666666,2026-01-27,36.499992
3.1657474,40.395832,22.666666,2026-01-28,36.245125
3.1657474,40.395832,22.666666,2026-01-29,35.8972
3.1657474,40.395832,22.666666,2026-01-30,35.645176
3.1657474,40.395832,22.666666,2026-01-31,35.334114
3.1657474,40.395832,22.666666,2026-02-01,34.99779
3.1657474,40.395832,22.666666,2026-02-02,34.882145
3.1657474,40.395832,22.666666,2026-02-03,34.90043
3.1657474,40.395832,22.666666,2026-02-04,35.064198
3.1657474,40.395832,22.666666,2026-02-05,35.04452
3.1657474,40.395832,22.666666,2026-02-06,35.129406
3.1657474,40.395832,22.666666,2026-02-07,35.005936
3.1657474,40.395832,22.666666,2026-02-08,35.101116
3.1657474,40.395832,22.666666,2026-02-09,34.867252
3.1657474,40.395832,22.708334,2026-01-10,37.379337
3.1657474,40.395832,22.708334,2026-01-11,36.807144
3.1657474,40.395832,22.708334,2026-01-12,37.127937
3.1657474,40.395832,22.708334,2026-01-13,37.291447
3.1657474,40.395832,22.708334,2026-01-14,37.087757
3.1657474,40.395832,22.708334,2026-01-15,36.890984
3.1657474,40.395832,22.708334,2026-01-16,36.58897
3.1657474,40.395832,22.708334,2026-01-17,36.225365
3.1657474,40.395832,22.708334,2026-01-18,36.098934
3.1657474,40.395832,22.708334,2026-01-19,36.636868
3.1657474,40.395832,22.708334,2026-01-20,36.88258
3.1657474,40.395832,22.708334,2026-01-21,36.50033
3.1657474,40.395832,22.708334,2026-01-22,37.22141
3.1657474,40.395832,22.708334,2026-01-23,37.48853
3.1657474,40.395832,22.708334,2026-01-24,37.517197
3.1657474,40.395832,22.708334,2026-01-25,37.471546
3.1657474,40.395832,22.708334,2026-01-26,37.348328
3.1657474,40.395832,22.708334,2026-01-27,37.134567
3.1657474,40.395832,22.708334,2026-01-28,36.85113
3.1657474,40.395832,22.708334,2026-01-29,36.53971
3.1657474,40.395832,22.708334,2026-01-30,36.418556
3.1657474,40.395832,22.708334,2026-01-31,36.208363
3.1657474,40.395832,22.708334,2026-02-01,35.695976
3.1657474,40.395832,22.708334,2026-02-02,35.797768
3.1657474,40.395832,22.708334,2026-02-03,35.73127
3.1657474,40.395832,22.708334,2026-02-04,35.75118
3.1657474,40.395832,22.708334,2026-02-05,35.66914
3.1657474,40.395832,22.708334,2026-02-06,35.78739
3.1657474,40.395832,22.708334,2026-02-07,35.789627
3.1657474,40.395832,22.708334,2026-02-08,35.66941
3.1657474,40.395832,22.708334,2026-02-09,35.39396
3.1657474,40.395832,22.75,2026-01-10,37.771313
3.1657474,40.395832,22.75,2026-01-11,37.316143
3.1657474,40.395832,22.75,2026-01-12,37.930557
3.1657474,40.395832,22.75,2026-01-13,37.99554
3.1657474,40.395832,22.75,2026-01-14,37.782593
3.1657474,40.395832,22.75,2026-01-15,37.37335
3.1657474,40.395832,22.75,2026-01-16,37.070423
3.1657474,40.395832,22.75,2026-01-17,36.65828
3.1657474,40.395832,22.75,2026-01-18,36.385864
3.1657474,40.395832,22.75,2026-01-19,36.677635
3.1657474,40.395832,22.75,2026-01-20,36.961334
3.1657474,40.395832,22.75,2026-01-21,36.7584
3.1657474,40.395832,22.75,2026-01-22,37.463646
3.1657474,40.395832,22.75,2026-01-23,37.719933
3.1657474,40.395832,22.75,2026-01-24,37.831257
3.1657474,40.395832,22.75,2026-01-25,37.833805
3.1657474,40.395832,22.75,2026-01-26,37.7865
3.1657474,40.395832,22.75,2026-01-27,37.56451
3.1657474,40.395832,22.75,2026-01-28,37.449833
3.1657474,40.395832,22.75,2026-01-29,37.150066
3.1657474,40.395832,22.75,2026-01-30,37.100765
3.1657474,40.395832,22.75,2026-01-31,36.798916
3.1657474,40.395832,22.75,2026-02-01,36.42987
3.1657474,40.395832,22.75,2026-02-02,36.627502
3.1657474,40.395832,22.75,2026-02-03,36.3512
3.1657474,40.395832,22.75,2026-02-04,36.43657
3.1657474,40.395832,22.75,2026-02-05,36.283165
3.1657474,40.395832,22.75,2026-02-06,36.390846
3.1657474,40.395832,22.75,2026-02-07,36.413197
3.1657474,40.395832,22.75,2026-02-08,36.476734
3.1657474,40.395832,22.75,2026-02-09,36.269913
3.1657474,40.395832,22.791666,2026-01-10,37.832333
3.1657474,40.395832,22.791666,2026-01-11,37.672142
3.1657474,40.395832,22.791666,2026-01-12,37.89118
3.1657474,40.395832,22.791666,2026-01-13,37.935234
3.1657474,40.395832,22.791666,2026-01-14,37.901455
3.1657474,40.395832,22.791666,2026-01-15,37.84273
3.1657474,40.395832,22.791666,2026-01-16,37.664906
3.1657474,40.395832,22.791666,2026-01-17,37.278763
3.1657474,40.395832,22.791666,2026-01-18,36.926487
3.1657474,40.395832,22.791666,2026-01-19,36.82614
3.1657474,40.395832,22.791666,2026-01-20,37.055084
3.1657474,40.395832,22.791666,2026-01-21,37.039444
3.1657474,40.395832,22.791666,2026-01-22,37.600677
3.1657474,40.395832,22.791666,2026-01-23,37.85978
3.1657474,40.395832,22.791666,2026-01-24,37.98545
3.1657474,40.395832,22.791666,2026-01-25,38.028778
3.1657474,40.395832,22.791666,2026-01-26,38.027042
3.1657474,40.395832,22.791666,2026-01-27,37.898968
3.1657474,40.395832,22.791666,2026-01-28,37.914925
3.1657474,40.395832,22.791666,2026-01-29,37.77767
3.1657474,40.395832,22.791666,2026-01-30,37.818066
3.1657474,40.395832,22.791666,2026-01-31,37.491642
3.1657474,40.395832,22.791666,2026-02-01,37.11273
3.1657474,40.395832,22.791666,2026-02-02,37.409367
3.1657474,40.395832,22.791666,2026-02-03,37.108604
3.1657474,40.395832,22.791666,2026-02-04,37.054962
3.1657474,40.395832,22.791666,2026-02-05,37.03848
3.1657474,40.395832,22.791666,2026-02-06,36.876537
3.1657474,40.395832,22.791666,2026-02-07,36.986332
3.1657474,40.395832,22.791666,2026-02-08,37.133667
3.1657474,40.395832,22.791666,2026-02-09,37.188
3.1657474,40.395832,22.833334,2026-01-10,37.9108
3.1657474,40.395832,22.833334,2026-01-11,37.86733
3.1657474,40.395832,22.833334,2026-01-12,37.854877
3.1657474,40.395832,22.833334,2026-01-13,37.845055
3.1657474,40.395832,22.833334,2026-01-14,37.866596
3.1657474,40.395832,22.833334,2026-01-15,37.874516
3.1657474,40.395832,22.833334,2026-01-16,37.87895
3.1657474,40.395832,22.833334,2026-01-17,37.784565
3.1657474,40.395832,22.833334,2026-01-18,37.42048
3.1657474,40.395832,22.833334,2026-01-19,37.278763
3.1657474,40.395832,22.833334,2026-01-20,37.288727
3.1657474,40.395832,22.833334,2026-01-21,37.49706
3.1657474,40.395832,22.833334,2026-01-22,37.84143
3.1657474,40.395832,22.833334,2026-01-23,37.943974
3.1657474,40.395832,22.833334,2026-01-24,38.015533
3.1657474,40.395832,22.833334,2026-01-25,38.021595
3.1657474,40.395832,22.833334,2026-01-26,38.007168
3.1657474,40.395832,22.833334,2026-01-27,38.01221
3.1657474,40.395832,22.833334,2026-01-28,38.035408
3.1657474,40.395832,22.833334,2026-01-29,38.038002
3.1657474,40.395832,22.833334,2026-01-30,38.014233
3.1657474,40.395832,22.833334,2026-01-31,37.957977
3.1657474,40.395832,22.833334,2026-02-01,37.819214
3.1657474,40.395832,22.833334,2026-02-02,37.926365
3.1657474,40.395832,22.833334,2026-02-03,37.690273
3.1657474,40.395832,22.833334,2026-02-04,37.647747
3.1657474,40.395832,22.833334,2026-02-05,37.45314
3.1657474,40.395832,22.833334,2026-02-06,37.321724
3.1657474,40.395832,22.833334,2026-02-07,37.421005
3.1657474,40.395832,22.833334,2026-02-08,37.626366
3.1657474,40.395832,22.833334,2026-02-09,37.72397
3.1657474,40.395832,22.875,2026-01-10,37.938305
3.1657474,40.395832,22.875,2026-01-11,37.94086
3.1657474,40.395832,22.875,2026-01-12,37.87439
3.1657474,40.395832,22.875,2026-01-13,37.852077
3.1657474,40.395832,22.875,2026-01-14,37.84916
3.1657474,40.395832,22.875,2026-01-15,37.855484
3.1657474,40.395832,22.875,2026-01-16,37.865288
3.1657474,40.395832,22.875,2026-01-17,37.8746
3.1657474,40.395832,22.875,2026-01-18,37.845646
3.1657474,40.395832,22.875,2026-01-19,37.72205
3.1657474,40.395832,22.875,2026-01-20,37.736965
3.1657474,40.395832,22.875,2026-01-21,37.82806
3.1657474,40.395832,22.875,2026-01-22,37.868565
3.1657474,40.395832,22.875,2026-01-23,37.90323
3.1657474,40.395832,22.875,2026-01-24,37.936974
3.1657474,40.395832,22.875,2026-01-25,37.964447
3.1657474,40.395832,22.875,2026-01-26,37.970295
3.1657474,40.395832,22.875,2026-01-27,37.974796
3.1657474,40.395832,22.875,2026-01-28,38.004078
3.1657474,40.395832,22.875,2026-01-29,38.01901
3.1657474,40.395832,22.875,2026-01-30,38.026302
3.1657474,40.395832,22.875,2026-01-31,38.033463
3.1657474,40.395832,22.875,2026-02-01,38.031353
3.1657474,40.395832,22.875,2026-02-02,38.036
3.1657474,40.395832,22.875,2026-02-03,38.050014
3.1657474,40.395832,22.875,2026-02-04,37.86962
3.1657474,40.395832,22.875,2026-02-05,37.684986
3.1657474,40.395832,22.875,2026-02-06,37.693264
3.1657474,40.395832,22.875,2026-02-07,37.70504
3.1657474,40.395832,22.875,2026-02-08,37.863457
3.1657474,40.395832,22.875,2026-02-09,38.03747
3.1657474,40.395832,22.916666,2026-01-10,
3.1657474,40.395832,22.916666,2026-01-11,
3.1657474,40.395832,22.916666,2026-01-12,
3.1657474,40.395832,22.916666,2026-01-13,
3.1657474,40.395832,22.916666,2026-01-14,
3.1657474,40.395832,22.916666,2026-01-15,
3.1657474,40.395832,22.916666,2026-01-16,
3.1657474,40.395832,22.916666,2026-01-17,
3.1657474,40.395832,22.916666,2026-01-18,
3.1657474,40.395832,22.916666,2026-01-19,
3.1657474,40.395832,22.916666,2026-01-20,
3.1657474,40.395832,22.916666,2026-01-21,
3.1657474,40.395832,22.916666,2026-01-22,
3.1657474,40.395832,22.916666,2026-01-23,
3.1657474,40.395832,22.916666,2026-01-24,
3.1657474,40.395832,22.916666,2026-01-25,
3.1657474,40.395832,22.916666,2026-01-26,
3.1657474,40.395832,22.916666,2026-01-27,
3.1657474,40.395832,22.916666,2026-01-28,
3.1657474,40.395832,22.916666,2026-01-29,
3.1657474,40.395832,22.916666,2026-01-30,
3.1657474,40.395832,22.916666,2026-01-31,
3.1657474,40.395832,22.916666,2026-02-01,
3.1657474,40.395832,22.916666,2026-02-02,
3.1657474,40.395832,22.916666,2026-02-03,
3.1657474,40.395832,22.916666,2026-02-04,
3.1657474,40.395832,22.916666,2026-02-05,
3.1657474,40.395832,22.916666,2026-02-06,
3.1657474,40.395832,22.916666,2026-02-07,
3.1657474,40.395832,22.916666,2026-02-08,
3.1657474,40.395832,22.916666,2026-02-09,
3.1657474,40.395832,22.958334,2026-01-10,
3.1657474,40.395832,22.958334,2026-01-11,
3.1657474,40.395832,22.958334,2026-01-12,
3.1657474,40.395832,22.958334,2026-01-13,
3.1657474,40.395832,22.958334,2026-01-14,
3.1657474,40.395832,22.958334,2026-01-15,
3.1657474,40.395832,22.958334,2026-01-16,
3.1657474,40.395832,22.958334,2026-01-17,
3.1657474,40.395832,22.958334,2026-01-18,
3.1657474,40.395832,22.958334,2026-01-19,
3.1657474,40.395832,22.958334,2026-01-20,
3.1657474,40.395832,22.958334,2026-01-21,
3.1657474,40.395832,22.958334,2026-01-22,
3.1657474,40.395832,22.958334,2026-01-23,
3.1657474,40.395832,22.958334,2026-01-24,
3.1657474,40.395832,22.958334,2026-01-25,
3.1657474,40.395832,22.958334,2026-01-26,
3.1657474,40.395832,22.958334,2026-01-27,
3.1657474,40.395832,22.958334,2026-01-28,
3.1657474,40.395832,22.958334,2026-01-29,
3.1657474,40.395832,22.958334,2026-01-30,
3.1657474,40.395832,22.958334,2026-01-31,
3.1657474,40.395832,22.958334,2026-02-01,
3.1657474,40.395832,22.958334,2026-02-02,
3.1657474,40.395832,22.958334,2026-02-03,
3.1657474,40.395832,22.958334,2026-02-04,
3.1657474,40.395832,22.958334,2026-02-05,
3.1657474,40.395832,22.958334,2026-02-06,
3.1657474,40.395832,22.958334,2026-02-07,
3.1657474,40.395832,22.958334,2026-02-08,
3.1657474,40.395832,22.958334,2026-02-09,
3.1657474,40.395832,23.0,2026-01-10,
3.1657474,40.395832,23.0,2026-01-11,
3.1657474,40.395832,23.0,2026-01-12,
3.1657474,40.395832,23.0,2026-01-13,
3.1657474,40.395832,23.0,2026-01-14,
3.1657474,40.395832,23.0,2026-01-15,
3.1657474,40.395832,23.0,2026-01-16,
3.1657474,40.395832,23.0,2026-01-17,
3.1657474,40.395832,23.0,2026-01-18,
3.1657474,40.395832,23.0,2026-01-19,
3.1657474,40.395832,23.0,2026-01-20,
3.1657474,40.395832,23.0,2026-01-21,
3.1657474,40.395832,23.0,2026-01-22,
3.1657474,40.395832,23.0,2026-01-23,
3.1657474,40.395832,23.0,2026-01-24,
3.1657474,40.395832,23.0,2026-01-25,
3.1657474,40.395832,23.0,2026-01-26,
3.1657474,40.395832,23.0,2026-01-27,
3.1657474,40.395832,23.0,2026-01-28,
3.1657474,40.395832,23.0,2026-01-29,
3.1657474,40.395832,23.0,2026-01-30,
3.1657474,40.395832,23.0,2026-01-31,
3.1657474,40.395832,23.0,2026-02-01,
3.1657474,40.395832,23.0,2026-02-02,
3.1657474,40.395832,23.0,2026-02-03,
3.1657474,40.395832,23.0,2026-02-04,
3.1657474,40.395832,23.0,2026-02-05,
3.1657474,40.395832,23.0,2026-02-06,
3.1657474,40.395832,23.0,2026-02-07,
3.1657474,40.395832,23.0,2026-02-08,
3.1657474,40.395832,23.0,2026-02-09,
3.1657474,40.4375,22.5,2026-01-10,
3.1657474,40.4375,22.5,2026-01-11,
3.1657474,40.4375,22.5,2026-01-12,
3.1657474,40.4375,22.5,2026-01-13,
3.1657474,40.4375,22.5,2026-01-14,
3.1657474,40.4375,22.5,2026-01-15,
3.1657474,40.4375,22.5,2026-01-16,
3.1657474,40.4375,22.5,2026-01-17,
3.1657474,40.4375,22.5,2026-01-18,
3.1657474,40.4375,22.5,2026-01-19,
3.1657474,40.4375,22.5,2026-01-20,
3.1657474,40.4375,22.5,2026-01-21,
3.1657474,40.4375,22.5,2026-01-22,
3.1657474,40.4375,22.5,2026-01-23,
3.1657474,40.4375,22.5,2026-01-24,
3.1657474,40.4375,22.5,2026-01-25,
3.1657474,40.4375,22.5,2026-01-26,
3.1657474,40.4375,22.5,2026-01-27,
3.1657474,40.4375,22.5,2026-01-28,
3.1657474,40.4375,22.5,2026-01-29,
3.1657474,40.4375,22.5,2026-01-30,
3.1657474,40.4375,22.5,2026-01-31,
3.1657474,40.4375,22.5,2026-02-01,
3.1657474,40.4375,22.5,2026-02-02,
3.1657474,40.4375,22.5,2026-02-03,
3.1657474,40.4375,22.5,2026-02-04,
3.1657474,40.4375,22.5,2026-02-05,
3.1657474,40.4375,22.5,2026-02-06,
3.1657474,40.4375,22.5,2026-02-07,
3.1657474,40.4375,22.5,2026-02-08,
3.1657474,40.4375,22.5,2026-02-09,
3.1657474,40.4375,22.541666,2026-01-10,
3.1657474,40.4375,22.541666,2026-01-11,
3.1657474,40.4375,22.541666,2026-01-12,
3.1657474,40.4375,22.541666,2026-01-13,
3.1657474,40.4375,22.541666,2026-01-14,
3.1657474,40.4375,22.541666,2026-01-15,
3.1657474,40.4375,22.541666,2026-01-16,
3.1657474,40.4375,22.541666,2026-01-17,
3.1657474,40.4375,22.541666,2026-01-18,
3.1657474,40.4375,22.541666,2026-01-19,
3.1657474,40.4375,22.541666,2026-01-20,
3.1657474,40.4375,22.541666,2026-01-21,
3.1657474,40.4375,22.541666,2026-01-22,
3.1657474,40.4375,22.541666,2026-01-23,
3.1657474,40.4375,22.541666,2026-01-24,
3.1657474,40.4375,22.541666,2026-01-25,
3.1657474,40.4375,22.541666,2026-01-26,
3.1657474,40.4375,22.541666,2026-01-27,
3.1657474,40.4375,22.541666,2026-01-28,
3.1657474,40.4375,22.541666,2026-01-29,
3.1657474,40.4375,22.541666,2026-01-30,
3.1657474,40.4375,22.541666,2026-01-31,
3.1657474,40.4375,22.541666,2026-02-01,
3.1657474,40.4375,22.541666,2026-02-02,
3.1657474,40.4375,22.541666,2026-02-03,
3.1657474,40.4375,22.541666,2026-02-04,
3.1657474,40.4375,22.541666,2026-02-05,
3.1657474,40.4375,22.541666,2026-02-06,
3.1657474,40.4375,22.541666,2026-02-07,
3.1657474,40.4375,22.541666,2026-02-08,
3.1657474,40.4375,22.541666,2026-02-09,
3.1657474,40.4375,22.583334,2026-01-10,
3.1657474,40.4375,22.583334,2026-01-11,
3.1657474,40.4375,22.583334,2026-01-12,
3.1657474,40.4375,22.583334,2026-01-13,
3.1657474,40.4375,22.583334,2026-01-14,
3.1657474,40.4375,22.583334,2026-01-15,
3.1657474,40.4375,22.583334,2026-01-16,
3.1657474,40.4375,22.583334,2026-01-17,
3.1657474,40.4375,22.583334,2026-01-18,
3.1657474,40.4375,22.583334,2026-01-19,
3.1657474,40.4375,22.583334,2026-01-20,
3.1657474,40.4375,22.583334,2026-01-21,
3.1657474,40.4375,22.583334,2026-01-22,
3.1657474,40.4375,22.583334,2026-01-23,
3.1657474,40.4375,22.583334,2026-01-24,
3.1657474,40.4375,22.583334,2026-01-25,
3.1657474,40.4375,22.583334,2026-01-26,
3.1657474,40.4375,22.583334,2026-01-27,
3.1657474,40.4375,22.583334,2026-01-28,
3.1657474,40.4375,22.583334,2026-01-29,
3.1657474,40.4375,22.583334,2026-01-30,
3.1657474,40.4375,22.583334,2026-01-31,
3.1657474,40.4375,22.583334,2026-02-01,
3.1657474,40.4375,22.583334,2026-02-02,
3.1657474,40.4375,22.583334,2026-02-03,
3.1657474,40.4375,22.583334,2026-02-04,
3.1657474,40.4375,22.583334,2026-02-05,
3.1657474,40.4375,22.583334,2026-02-06,
3.1657474,40.4375,22.583334,2026-02-07,
3.1657474,40.4375,22.583334,2026-02-08,
3.1657474,40.4375,22.583334,2026-02-09,
3.1657474,40.4375,22.625,2026-01-10,35.475452
3.1657474,40.4375,22.625,2026-01-11,35.914707
3.1657474,40.4375,22.625,2026-01-12,36.18683
3.1657474,40.4375,22.625,2026-01-13,36.443287
3.1657474,40.4375,22.625,2026-01-14,36.12383
3.1657474,40.4375,22.625,2026-01-15,36.121613
3.1657474,40.4375,22.625,2026-01-16,36.294735
3.1657474,40.4375,22.625,2026-01-17,35.918476
3.1657474,40.4375,22.625,2026-01-18,35.757996
3.1657474,40.4375,22.625,2026-01-19,35.882645
3.1657474,40.4375,22.625,2026-01-20,35.543156
3.1657474,40.4375,22.625,2026-01-21,35.81045
3.1657474,40.4375,22.625,2026-01-22,36.54666
3.1657474,40.4375,22.625,2026-01-23,36.559643
3.1657474,40.4375,22.625,2026-01-24,36.69116
3.1657474,40.4375,22.625,2026-01-25,36.620453
3.1657474,40.4375,22.625,2026-01-26,36.517593
3.1657474,40.4375,22.625,2026-01-27,35.949554
3.1657474,40.4375,22.625,2026-01-28,35.55783
3.1657474,40.4375,22.625,2026-01-29,35.46082
3.1657474,40.4375,22.625,2026-01-30,35.170963
3.1657474,40.4375,22.625,2026-01-31,35.11083
3.1657474,40.4375,22.625,2026-02-01,34.144222
3.1657474,40.4375,22.625,2026-02-02,34.280006
3.1657474,40.4375,22.625,2026-02-03,34.538113
3.1657474,40.4375,22.625,2026-02-04,35.268867
3.1657474,40.4375,22.625,2026-02-05,35.307915
3.1657474,40.4375,22.625,2026-02-06,34.318813
3.1657474,40.4375,22.625,2026-02-07,34.444866
3.1657474,40.4375,22.625,2026-02-08,35.089203
3.1657474,40.4375,22.625,2026-02-09,35.143745
3.1657474,40.4375,22.666666,2026-01-10,36.437687
3.1657474,40.4375,22.666666,2026-01-11,35.990597
3.1657474,40.4375,22.666666,2026-01-12,36.35371
3.1657474,40.4375,22.666666,2026-01-13,36.73852
3.1657474,40.4375,22.666666,2026-01-14,36.656307
3.1657474,40.4375,22.666666,2026-01-15,36.363274
3.1657474,40.4375,22.666666,2026-01-16,36.324825
3.1657474,40.4375,22.666666,2026-01-17,35.92957
3.1657474,40.4375,22.666666,2026-01-18,35.78067
3.1657474,40.4375,22.666666,2026-01-19,35.814144
3.1657474,40.4375,22.666666,2026-01-20,35.613728
3.1657474,40.4375,22.666666,2026-01-21,35.87185
3.1657474,40.4375,22.666666,2026-01-22,36.870564
3.1657474,40.4375,22.666666,2026-01-23,36.837795
3.1657474,40.4375,22.666666,2026-01-24,36.695473
3.1657474,40.4375,22.666666,2026-01-25,36.74875
3.1657474,40.4375,22.666666,2026-01-26,36.55401
3.1657474,40.4375,22.666666,2026-01-27,36.367264
3.1657474,40.4375,22.666666,2026-01-28,35.865223
3.1657474,40.4375,22.666666,2026-01-29,35.820957
3.1657474,40.4375,22.666666,2026-01-30,35.500114
3.1657474,40.4375,22.666666,2026-01-31,35.256744
3.1657474,40.4375,22.666666,2026-02-01,34.32877
3.1657474,40.4375,22.666666,2026-02-02,34.707947
3.1657474,40.4375,22.666666,2026-02-03,34.65828
3.1657474,40.4375,22.666666,2026-02-04,35.1715
3.1657474,40.4375,22.666666,2026-02-05,35.106724
3.1657474,40.4375,22.666666,2026-02-06,34.71667
3.1657474,40.4375,22.666666,2026-02-07,34.79395
3.1657474,40.4375,22.666666,2026-02-08,34.987247
3.1657474,40.4375,22.666666,2026-02-09,34.97079
3.1657474,40.4375,22.708334,2026-01-10,37.05805
3.1657474,40.4375,22.708334,2026-01-11,36.253006
3.1657474,40.4375,22.708334,2026-01-12,36.69414
3.1657474,40.4375,22.708334,2026-01-13,37.257347
3.1657474,40.4375,22.708334,2026-01-14,37.165245
3.1657474,40.4375,22.708334,2026-01-15,36.812614
3.1657474,40.4375,22.708334,2026-01-16,36.72379
3.1657474,40.4375,22.708334,2026-01-17,36.128624
3.1657474,40.4375,22.708334,2026-01-18,35.846092
3.1657474,40.4375,22.708334,2026-01-19,35.91154
3.1657474,40.4375,22.708334,2026-01-20,36.027294
3.1657474,40.4375,22.708334,2026-01-21,36.191635
3.1657474,40.4375,22.708334,2026-01-22,36.99177
3.1657474,40.4375,22.708334,2026-01-23,36.957386
3.1657474,40.4375,22.708334,2026-01-24,37.26798
3.1657474,40.4375,22.708334,2026-01-25,37.304585
3.1657474,40.4375,22.708334,2026-01-26,37.16521
3.1657474,40.4375,22.708334,2026-01-27,37.02116
3.1657474,40.4375,22.708334,2026-01-28,36.550526
3.1657474,40.4375,22.708334,2026-01-29,36.48571
3.1657474,40.4375,22.708334,2026-01-30,36.11982
3.1657474,40.4375,22.708334,2026-01-31,35.819244
3.1657474,40.4375,22.708334,2026-02-01,34.873466
3.1657474,40.4375,22.708334,2026-02-02,35.439434
3.1657474,40.4375,22.708334,2026-02-03,35.22736
3.1657474,40.4375,22.708334,2026-02-04,35.71214
3.1657474,40.4375,22.708334,2026-02-05,35.697727
3.1657474,40.4375,22.708334,2026-02-06,35.505573
3.1657474,40.4375,22.708334,2026-02-07,35.570614
3.1657474,40.4375,22.708334,2026-02-08,35.64148
3.1657474,40.4375,22.708334,2026-02-09,35.572617
3.1657474,40.4375,22.75,2026-01-10,37.275543
3.1657474,40.4375,22.75,2026-01-11,36.979637
3.1657474,40.4375,22.75,2026-01-12,37.21014
3.1657474,40.4375,22.75,2026-01-13,37.487083
3.1657474,40.4375,22.75,2026-01-14,37.43953
3.1657474,40.4375,22.75,2026-01-15,37.130825
3.1657474,40.4375,22.75,2026-01-16,36.97127
3.1657474,40.4375,22.75,2026-01-17,36.54723
3.1657474,40.4375,22.75,2026-01-18,36.209408
3.1657474,40.4375,22.75,2026-01-19,35.92247
3.1657474,40.4375,22.75,2026-01-20,36.310654
3.1657474,40.4375,22.75,2026-01-21,36.71881
3.1657474,40.4375,22.75,2026-01-22,37.442783
3.1657474,40.4375,22.75,2026-01-23,37.36981
3.1657474,40.4375,22.75,2026-01-24,37.60127
3.1657474,40.4375,22.75,2026-01-25,37.709377
3.1657474,40.4375,22.75,2026-01-26,37.664993
3.1657474,40.4375,22.75,2026-01-27,37.25036
3.1657474,40.4375,22.75,2026-01-28,37.166714
3.1657474,40.4375,22.75,2026-01-29,36.993404
3.1657474,40.4375,22.75,2026-01-30,36.772594
3.1657474,40.4375,22.75,2026-01-31,36.487904
3.1657474,40.4375,22.75,2026-02-01,35.758415
3.1657474,40.4375,22.75,2026-02-02,36.039837
3.1657474,40.4375,22.75,2026-02-03,35.950474
3.1657474,40.4375,22.75,2026-02-04,36.3592
3.1657474,40.4375,22.75,2026-02-05,36.049988
3.1657474,40.4375,22.75,2026-02-06,36.0282
3.1657474,40.4375,22.75,2026-02-07,36.282497
3.1657474,40.4375,22.75,2026-02-08,36.44588
3.1657474,40.4375,22.75,2026-02-09,36.42479
3.1657474,40.4375,22.791666,2026-01-10,37.41917
3.1657474,40.4375,22.791666,2026-01-11,37.524883
3.1657474,40.4375,22.791666,2026-01-12,37.709137
3.1657474,40.4375,22.791666,2026-01-13,37.77865
3.1657474,40.4375,22.791666,2026-01-14,37.63906
3.1657474,40.4375,22.791666,2026-01-15,37.635437
3.1657474,40.4375,22.791666,2026-01-16,37.716206
3.1657474,40.4375,22.791666,2026-01-17,37.38431
3.1657474,40.4375,22.791666,2026-01-18,36.964375
3.1657474,40.4375,22.791666,2026-01-19,36.23644
3.1657474,40.4375,22.791666,2026-01-20,36.569866
3.1657474,40.4375,22.791666,2026-01-21,37.06549
3.1657474,40.4375,22.791666,2026-01-22,37.7758
3.1657474,40.4375,22.791666,2026-01-23,37.819397
3.1657474,40.4375,22.791666,2026-01-24,37.894203
3.1657474,40.4375,22.791666,2026-01-25,37.938923
3.1657474,40.4375,22.791666,2026-01-26,37.936413
3.1657474,40.4375,22.791666,2026-01-27,37.77792
3.1657474,40.4375,22.791666,2026-01-28,37.794533
3.1657474,40.4375,22.791666,2026-01-29,37.799465
3.1657474,40.4375,22.791666,2026-01-30,37.625225
3.1657474,40.4375,22.791666,2026-01-31,37.471878
3.1657474,40.4375,22.791666,2026-02-01,36.836002
3.1657474,40.4375,22.791666,2026-02-02,37.195175
3.1657474,40.4375,22.791666,2026-02-03,36.9448
3.1657474,40.4375,22.791666,2026-02-04,37.183147
3.1657474,40.4375,22.791666,2026-02-05,36.581726
3.1657474,40.4375,22.791666,2026-02-06,36.587456
3.1657474,40.4375,22.791666,2026-02-07,36.961548
3.1657474,40.4375,22.791666,2026-02-08,37.367077
3.1657474,40.4375,22.791666,2026-02-09,37.494316
3.1657474,40.4375,22.833334,2026-01-10,37.78314
3.1657474,40.4375,22.833334,2026-01-11,37.792866
3.1657474,40.4375,22.833334,2026-01-12,37.819847
3.1657474,40.4375,22.833334,2026-01-13,37.780613
3.1657474,40.4375,22.833334,2026-01-14,37.78341
3.1657474,40.4375,22.833334,2026-01-15,37.795006
3.1657474,40.4375,22.833334,2026-01-16,37.828506
3.1657474,40.4375,22.833334,2026-01-17,37.777702
3.1657474,40.4375,22.833334,2026-01-18,37.48716
3.1657474,40.4375,22.833334,2026-01-19,37.00183
3.1657474,40.4375,22.833334,2026-01-20,37.00318
3.1657474,40.4375,22.833334,2026-01-21,37.681324
3.1657474,40.4375,22.833334,2026-01-22,38.023563
3.1657474,40.4375,22.833334,2026-01-23,38.02873
3.1657474,40.4375,22.833334,2026-01-24,38.028755
3.1657474,40.4375,22.833334,2026-01-25,38.034008
3.1657474,40.4375,22.833334,2026-01-26,38.031506
3.1657474,40.4375,22.833334,2026-01-27,38.003437
3.1657474,40.4375,22.833334,2026-01-28,38.026108
3.1657474,40.4375,22.833334,2026-01-29,37.99716
3.1657474,40.4375,22.833334,2026-01-30,37.868122
3.1657474,40.4375,22.833334,2026-01-31,37.879807
3.1657474,40.4375,22.833334,2026-02-01,37.901733
3.1657474,40.4375,22.833334,2026-02-02,37.908768
3.1657474,40.4375,22.833334,2026-02-03,37.62261
3.1657474,40.4375,22.833334,2026-02-04,37.74329
3.1657474,40.4375,22.833334,2026-02-05,37.082436
3.1657474,40.4375,22.833334,2026-02-06,37.240173
3.1657474,40.4375,22.833334,2026-02-07,37.390213
3.1657474,40.4375,22.833334,2026-02-08,37.771732
3.1657474,40.4375,22.833334,2026-02-09,37.997665
3.1657474,40.4375,22.875,2026-01-10,
3.1657474,40.4375,22.875,2026-01-11,
3.1657474,40.4375,22.875,2026-01-12,
3.1657474,40.4375,22.875,2026-01-13,
3.1657474,40.4375,22.875,2026-01-14,
3.1657474,40.4375,22.875,2026-01-15,
3.1657474,40.4375,22.875,2026-01-16,
3.1657474,40.4375,22.875,2026-01-17,
3.1657474,40.4375,22.875,2026-01-18,
3.1657474,40.4375,22.875,2026-01-19,
3.1657474,40.4375,22.875,2026-01-20,
3.1657474,40.4375,22.875,2026-01-21,
3.1657474,40.4375,22.875,2026-01-22,
3.1657474,40.4375,22.875,2026-01-23,
3.1657474,40.4375,22.875,2026-01-24,
3.1657474,40.4375,22.875,2026-01-25,
3.1657474,40.4375,22.875,2026-01-26,
3.1657474,40.4375,22.875,2026-01-27,
3.1657474,40.4375,22.875,2026-01-28,
3.1657474,40.4375,22.875,2026-01-29,
3.1657474,40.4375,22.875,2026-01-30,
3.1657474,40.4375,22.875,2026-01-31,
3.1657474,40.4375,22.875,2026-02-01,
3.1657474,40.4375,22.875,2026-02-02,
3.1657474,40.4375,22.875,2026-02-03,
3.1657474,40.4375,22.875,2026-02-04,
3.1657474,40.4375,22.875,2026-02-05,
3.1657474,40.4375,22.875,2026-02-06,
3.1657474,40.4375,22.875,2026-02-07,
3.1657474,40.4375,22.875,2026-02-08,
3.1657474,40.4375,22.875,2026-02-09,
3.1657474,40.4375,22.916666,2026-01-10,
3.1657474,40.4375,22.916666,2026-01-11,
3.1657474,40.4375,22.916666,2026-01-12,
3.1657474,40.4375,22.916666,2026-01-13,
3.1657474,40.4375,22.916666,2026-01-14,
3.1657474,40.4375,22.916666,2026-01-15,
3.1657474,40.4375,22.916666,2026-01-16,
3.1657474,40.4375,22.916666,2026-01-17,
3.1657474,40.4375,22.916666,2026-01-18,
3.1657474,40.4375,22.916666,2026-01-19,
3.1657474,40.4375,22.916666,2026-01-20,
3.1657474,40.4375,22.916666,2026-01-21,
3.1657474,40.4375,22.916666,2026-01-22,
3.1657474,40.4375,22.916666,2026-01-23,
3.1657474,40.4375,22.916666,2026-01-24,
3.1657474,40.4375,22.916666,2026-01-25,
3.1657474,40.4375,22.916666,2026-01-26,
3.1657474,40.4375,22.916666,2026-01-27,
3.1657474,40.4375,22.916666,2026-01-28,
3.1657474,40.4375,22.916666,2026-01-29,
3.1657474,40.4375,22.916666,2026-01-30,
3.1657474,40.4375,22.916666,2026-01-31,
3.1657474,40.4375,22.916666,2026-02-01,
3.1657474,40.4375,22.916666,2026-02-02,
3.1657474,40.4375,22.916666,2026-02-03,
3.1657474,40.4375,22.916666,2026-02-04,
3.1657474,40.4375,22.916666,2026-02-05,
3.1657474,40.4375,22.916666,2026-02-06,
3.1657474,40.4375,22.916666,2026-02-07,
3.1657474,40.4375,22.916666,2026-02-08,
3.1657474,40.4375,22.916666,2026-02-09,
3.1657474,40.4375,22.958334,2026-01-10,
3.1657474,40.4375,22.958334,2026-01-11,
3.1657474,40.4375,22.958334,2026-01-12,
3.1657474,40.4375,22.958334,2026-01-13,
3.1657474,40.4375,22.958334,2026-01-14,
3.1657474,40.4375,22.958334,2026-01-15,
3.1657474,40.4375,22.958334,2026-01-16,
3.1657474,40.4375,22.958334,2026-01-17,
3.1657474,40.4375,22.958334,2026-01-18,
3.1657474,40.4375,22.958334,2026-01-19,
3.1657474,40.4375,22.958334,2026-01-20,
3.1657474,40.4375,22.958334,2026-01-21,
3.1657474,40.4375,22.958334,2026-01-22,
3.1657474,40.4375,22.958334,2026-01-23,
3.1657474,40.4375,22.958334,2026-01-24,
3.1657474,40.4375,22.958334,2026-01-25,
3.1657474,40.4375,22.958334,2026-01-26,
3.1657474,40.4375,22.958334,2026-01-27,
3.1657474,40.4375,22.958334,2026-01-28,
3.1657474,40.4375,22.958334,2026-01-29,
3.1657474,40.4375,22.958334,2026-01-30,
3.1657474,40.4375,22.958334,2026-01-31,
3.1657474,40.4375,22.958334,2026-02-01,
3.1657474,40.4375,22.958334,2026-02-02,
3.1657474,40.4375,22.958334,2026-02-03,
3.1657474,40.4375,22.958334,2026-02-04,
3.1657474,40.4375,22.958334,2026-02-05,
3.1657474,40.4375,22.958334,2026-02-06,
3.1657474,40.4375,22.958334,2026-02-07,
3.1657474,40.4375,22.958334,2026-02-08,
3.1657474,40.4375,22.958334,2026-02-09,
3.1657474,40.4375,23.0,2026-01-10,
3.1657474,40.4375,23.0,2026-01-11,
3.1657474,40.4375,23.0,2026-01-12,
3.1657474,40.4375,23.0,2026-01-13,
3.1657474,40.4375,23.0,2026-01-14,
3.1657474,40.4375,23.0,2026-01-15,
3.1657474,40.4375,23.0,2026-01-16,
3.1657474,40.4375,23.0,2026-01-17,
3.1657474,40.4375,23.0,2026-01-18,
3.1657474,40.4375,23.0,2026-01-19,
3.1657474,40.4375,23.0,2026-01-20,
3.1657474,40.4375,23.0,2026-01-21,
3.1657474,40.4375,23.0,2026-01-22,
3.1657474,40.4375,23.0,2026-01-23,
3.1657474,40.4375,23.0,2026-01-24,
3.1657474,40.4375,23.0,2026-01-25,
3.1657474,40.4375,23.0,2026-01-26,
3.1657474,40.4375,23.0,2026-01-27,
3.1657474,40.4375,23.0,2026-01-28,
3.1657474,40.4375,23.0,2026-01-29,
3.1657474,40.4375,23.0,2026-01-30,
3.1657474,40.4375,23.0,2026-01-31,
3.1657474,40.4375,23.0,2026-02-01,
3.1657474,40.4375,23.0,2026-02-02,
3.1657474,40.4375,23.0,2026-02-03,
3.1657474,40.4375,23.0,2026-02-04,
3.1657474,40.4375,23.0,2026-02-05,
3.1657474,40.4375,23.0,2026-02-06,
3.1657474,40.4375,23.0,2026-02-07,
3.1657474,40.4375,23.0,2026-02-08,
3.1657474,40.4375,23.0,2026-02-09,
3.1657474,40.479168,22.5,2026-01-10,
3.1657474,40.479168,22.5,2026-01-11,
3.1657474,40.479168,22.5,2026-01-12,
3.1657474,40.479168,22.5,2026-01-13,
3.1657474,40.479168,22.5,2026-01-14,
3.1657474,40.479168,22.5,2026-01-15,
3.1657474,40.479168,22.5,2026-01-16,
3.1657474,40.479168,22.5,2026-01-17,
3.1657474,40.479168,22.5,2026-01-18,
3.1657474,40.479168,22.5,2026-01-19,
3.1657474,40.479168,22.5,2026-01-20,
3.1657474,40.479168,22.5,2026-01-21,
3.1657474,40.479168,22.5,2026-01-22,
3.1657474,40.479168,22.5,2026-01-23,
3.1657474,40.479168,22.5,2026-01-24,
3.1657474,40.479168,22.5,2026-01-25,
3.1657474,40.479168,22.5,2026-01-26,
3.1657474,40.479168,22.5,2026-01-27,
3.1657474,40.479168,22.5,2026-01-28,
3.1657474,40.479168,22.5,2026-01-29,
3.1657474,40.479168,22.5,2026-01-30,
3.1657474,40.479168,22.5,2026-01-31,
3.1657474,40.479168,22.5,2026-02-01,
3.1657474,40.479168,22.5,2026-02-02,
3.1657474,40.479168,22.5,2026-02-03,
3.1657474,40.479168,22.5,2026-02-04,
3.1657474,40.479168,22.5,2026-02-05,
3.1657474,40.479168,22.5,2026-02-06,
3.1657474,40.479168,22.5,2026-02-07,
3.1657474,40.479168,22.5,2026-02-08,
3.1657474,40.479168,22.5,2026-02-09,
3.1657474,40.479168,22.541666,2026-01-10,
3.1657474,40.479168,22.541666,2026-01-11,
3.1657474,40.479168,22.541666,2026-01-12,
3.1657474,40.479168,22.541666,2026-01-13,
3.1657474,40.479168,22.541666,2026-01-14,
3.1657474,40.479168,22.541666,2026-01-15,
3.1657474,40.479168,22.541666,2026-01-16,
3.1657474,40.479168,22.541666,2026-01-17,
3.1657474,40.479168,22.541666,2026-01-18,
3.1657474,40.479168,22.541666,2026-01-19,
3.1657474,40.479168,22.541666,2026-01-20,
3.1657474,40.479168,22.541666,2026-01-21,
3.1657474,40.479168,22.541666,2026-01-22,
3.1657474,40.479168,22.541666,2026-01-23,
3.1657474,40.479168,22.541666,2026-01-24,
3.1657474,40.479168,22.541666,2026-01-25,
3.1657474,40.479168,22.541666,2026-01-26,
3.1657474,40.479168,22.541666,2026-01-27,
3.1657474,40.479168,22.541666,2026-01-28,
3.1657474,40.479168,22.541666,2026-01-29,
3.1657474,40.479168,22.541666,2026-01-30,
3.1657474,40.479168,22.541666,2026-01-31,
3.1657474,40.479168,22.541666,2026-02-01,
3.1657474,40.479168,22.541666,2026-02-02,
3.1657474,40.479168,22.541666,2026-02-03,
3.1657474,40.479168,22.541666,2026-02-04,
3.1657474,40.479168,22.541666,2026-02-05,
3.1657474,40.479168,22.541666,2026-02-06,
3.1657474,40.479168,22.541666,2026-02-07,
3.1657474,40.479168,22.541666,2026-02-08,
3.1657474,40.479168,22.541666,2026-02-09,
3.1657474,40.479168,22.583334,2026-01-10,
3.1657474,40.479168,22.583334,2026-01-11,
3.1657474,40.479168,22.583334,2026-01-12,
3.1657474,40.479168,22.583334,2026-01-13,
3.1657474,40.479168,22.583334,2026-01-14,
3.1657474,40.479168,22.583334,2026-01-15,
3.1657474,40.479168,22.583334,2026-01-16,
3.1657474,40.479168,22.583334,2026-01-17,
3.1657474,40.479168,22.583334,2026-01-18,
3.1657474,40.479168,22.583334,2026-01-19,
3.1657474,40.479168,22.583334,2026-01-20,
3.1657474,40.479168,22.583334,2026-01-21,
3.1657474,40.479168,22.583334,2026-01-22,
3.1657474,40.479168,22.583334,2026-01-23,
3.1657474,40.479168,22.583334,2026-01-24,
3.1657474,40.479168,22.583334,2026-01-25,
3.1657474,40.479168,22.583334,2026-01-26,
3.1657474,40.479168,22.583334,2026-01-27,
3.1657474,40.479168,22.583334,2026-01-28,
3.1657474,40.479168,22.583334,2026-01-29,
3.1657474,40.479168,22.583334,2026-01-30,
3.1657474,40.479168,22.583334,2026-01-31,
3.1657474,40.479168,22.583334,2026-02-01,
3.1657474,40.479168,22.583334,2026-02-02,
3.1657474,40.479168,22.583334,2026-02-03,
3.1657474,40.479168,22.583334,2026-02-04,
3.1657474,40.479168,22.583334,2026-02-05,
3.1657474,40.479168,22.583334,2026-02-06,
3.1657474,40.479168,22.583334,2026-02-07,
3.1657474,40.479168,22.583334,2026-02-08,
3.1657474,40.479168,22.583334,2026-02-09,
3.1657474,40.479168,22.625,2026-01-10,
3.1657474,40.479168,22.625,2026-01-11,
3.1657474,40.479168,22.625,2026-01-12,
3.1657474,40.479168,22.625,2026-01-13,
3.1657474,40.479168,22.625,2026-01-14,
3.1657474,40.479168,22.625,2026-01-15,
3.1657474,40.479168,22.625,2026-01-16,
3.1657474,40.479168,22.625,2026-01-17,
3.1657474,40.479168,22.625,2026-01-18,
3.1657474,40.479168,22.625,2026-01-19,
3.1657474,40.479168,22.625,2026-01-20,
3.1657474,40.479168,22.625,2026-01-21,
3.1657474,40.479168,22.625,2026-01-22,
3.1657474,40.479168,22.625,2026-01-23,
3.1657474,40.479168,22.625,2026-01-24,
3.1657474,40.479168,22.625,2026-01-25,
3.1657474,40.479168,22.625,2026-01-26,
3.1657474,40.479168,22.625,2026-01-27,
3.1657474,40.479168,22.625,2026-01-28,
3.1657474,40.479168,22.625,2026-01-29,
3.1657474,40.479168,22.625,2026-01-30,
3.1657474,40.479168,22.625,2026-01-31,
3.1657474,40.479168,22.625,2026-02-01,
3.1657474,40.479168,22.625,2026-02-02,
3.1657474,40.479168,22.625,2026-02-03,
3.1657474,40.479168,22.625,2026-02-04,
3.1657474,40.479168,22.625,2026-02-05,
3.1657474,40.479168,22.625,2026-02-06,
3.1657474,40.479168,22.625,2026-02-07,
3.1657474,40.479168,22.625,2026-02-08,
3.1657474,40.479168,22.625,2026-02-09,
3.1657474,40.479168,22.666666,2026-01-10,36.21146
3.1657474,40.479168,22.666666,2026-01-11,37.193066
3.1657474,40.479168,22.666666,2026-01-12,37.46864
3.1657474,40.479168,22.666666,2026-01-13,36.437866
3.1657474,40.479168,22.666666,2026-01-14,36.5724
3.1657474,40.479168,22.666666,2026-01-15,36.87517
3.1657474,40.479168,22.666666,2026-01-16,37.011543
3.1657474,40.479168,22.666666,2026-01-17,35.98652
3.1657474,40.479168,22.666666,2026-01-18,35.998505
3.1657474,40.479168,22.666666,2026-01-19,34.51607
3.1657474,40.479168,22.666666,2026-01-20,34.675545
3.1657474,40.479168,22.666666,2026-01-21,37.010143
3.1657474,40.479168,22.666666,2026-01-22,37.567043
3.1657474,40.479168,22.666666,2026-01-23,37.2669
3.1657474,40.479168,22.666666,2026-01-24,36.715317
3.1657474,40.479168,22.666666,2026-01-25,36.720154
3.1657474,40.479168,22.666666,2026-01-26,35.921654
3.1657474,40.479168,22.666666,2026-01-27,36.80737
3.1657474,40.479168,22.666666,2026-01-28,36.100166
3.1657474,40.479168,22.666666,2026-01-29,37.102497
3.1657474,40.479168,22.666666,2026-01-30,36.709457
3.1657474,40.479168,22.666666,2026-01-31,36.458725
3.1657474,40.479168,22.666666,2026-02-01,34.48135
3.1657474,40.479168,22.666666,2026-02-02,36.090202
3.1657474,40.479168,22.666666,2026-02-03,35.91027
3.1657474,40.479168,22.666666,2026-02-04,36.561966
3.1657474,40.479168,22.666666,2026-02-05,34.983
3.1657474,40.479168,22.666666,2026-02-06,35.48152
3.1657474,40.479168,22.666666,2026-02-07,36.060745
3.1657474,40.479168,22.666666,2026-02-08,36.45127
3.1657474,40.479168,22.666666,2026-02-09,36.26598
3.1657474,40.479168,22.708334,2026-01-10,37.11304
3.1657474,40.479168,22.708334,2026-01-11,37.487904
3.1657474,40.479168,22.708334,2026-01-12,37.5441
3.1657474,40.479168,22.708334,2026-01-13,37.134007
3.1657474,40.479168,22.708334,2026-01-14,37.267162
3.1657474,40.479168,22.708334,2026-01-15,37.478985
3.1657474,40.479168,22.708334,2026-01-16,37.580246
3.1657474,40.479168,22.708334,2026-01-17,37.084713
3.1657474,40.479168,22.708334,2026-01-18,36.917084
3.1657474,40.479168,22.708334,2026-01-19,35.368507
3.1657474,40.479168,22.708334,2026-01-20,35.56099
3.1657474,40.479168,22.708334,2026-01-21,37.153637
3.1657474,40.479168,22.708334,2026-01-22,37.684887
3.1657474,40.479168,22.708334,2026-01-23,37.44642
3.1657474,40.479168,22.708334,2026-01-24,37.247383
3.1657474,40.479168,22.708334,2026-01-25,37.34306
3.1657474,40.479168,22.708334,2026-01-26,36.76122
3.1657474,40.479168,22.708334,2026-01-27,37.4859
3.1657474,40.479168,22.708334,2026-01-28,37.284042
3.1657474,40.479168,22.708334,2026-01-29,37.560028
3.1657474,40.479168,22.708334,2026-01-30,37.48598
3.1657474,40.479168,22.708334,2026-01-31,37.36099
3.1657474,40.479168,22.708334,2026-02-01,35.86095
3.1657474,40.479168,22.708334,2026-02-02,36.96326
3.1657474,40.479168,22.708334,2026-02-03,36.95639
3.1657474,40.479168,22.708334,2026-02-04,37.283756
3.1657474,40.479168,22.708334,2026-02-05,36.230785
3.1657474,40.479168,22.708334,2026-02-06,36.74257
3.1657474,40.479168,22.708334,2026-02-07,37.126476
3.1657474,40.479168,22.708334,2026-02-08,37.338387
3.1657474,40.479168,22.708334,2026-02-09,37.357822
3.1657474,40.479168,22.75,2026-01-10,37.655216
3.1657474,40.479168,22.75,2026-01-11,37.701077
3.1657474,40.479168,22.75,2026-01-12,37.75015
3.1657474,40.479168,22.75,2026-01-13,37.65808
3.1657474,40.479168,22.75,2026-01-14,37.70529
3.1657474,40.479168,22.75,2026-01-15,37.77212
3.1657474,40.479168,22.75,2026-01-16,37.75261
3.1657474,40.479168,22.75,2026-01-17,37.549736
3.1657474,40.479168,22.75,2026-01-18,37.25551
3.1657474,40.479168,22.75,2026-01-19,35.652367
3.1657474,40.479168,22.75,2026-01-20,35.810272
3.1657474,40.479168,22.75,2026-01-21,37.226208
3.1657474,40.479168,22.75,2026-01-22,37.62984
3.1657474,40.479168,22.75,2026-01-23,37.763386
3.1657474,40.479168,22.75,2026-01-24,37.66467
3.1657474,40.479168,22.75,2026-01-25,37.742744
3.1657474,40.479168,22.75,2026-01-26,37.375275
3.1657474,40.479168,22.75,2026-01-27,37.76829
3.1657474,40.479168,22.75,2026-01-28,37.80688
3.1657474,40.479168,22.75,2026-01-29,37.836246
3.1657474,40.479168,22.75,2026-01-30,37.817
3.1657474,40.479168,22.75,2026-01-31,37.77142
3.1657474,40.479168,22.75,2026-02-01,36.64924
3.1657474,40.479168,22.75,2026-02-02,37.529022
3.1657474,40.479168,22.75,2026-02-03,37.520683
3.1657474,40.479168,22.75,2026-02-04,37.590435
3.1657474,40.479168,22.75,2026-02-05,35.937084
3.1657474,40.479168,22.75,2026-02-06,36.974586
3.1657474,40.479168,22.75,2026-02-07,37.45611
3.1657474,40.479168,22.75,2026-02-08,37.692883
3.1657474,40.479168,22.75,2026-02-09,37.845848
3.1657474,40.479168,22.791666,2026-01-10,37.72759
3.1657474,40.479168,22.791666,2026-01-11,37.678535
3.1657474,40.479168,22.791666,2026-01-12,37.817406
3.1657474,40.479168,22.791666,2026-01-13,37.836514
3.1657474,40.479168,22.791666,2026-01-14,37.777973
3.1657474,40.479168,22.791666,2026-01-15,37.74517
3.1657474,40.479168,22.791666,2026-01-16,37.793976
3.1657474,40.479168,22.791666,2026-01-17,37.589714
3.1657474,40.479168,22.791666,2026-01-18,37.438683
3.1657474,40.479168,22.791666,2026-01-19,36.31899
3.1657474,40.479168,22.791666,2026-01-20,36.23857
3.1657474,40.479168,22.791666,2026-01-21,37.289585
3.1657474,40.479168,22.791666,2026-01-22,37.805225
3.1657474,40.479168,22.791666,2026-01-23,37.88101
3.1657474,40.479168,22.791666,2026-01-24,37.93032
3.1657474,40.479168,22.791666,2026-01-25,37.89475
3.1657474,40.479168,22.791666,2026-01-26,37.816723
3.1657474,40.479168,22.791666,2026-01-27,37.847614
3.1657474,40.479168,22.791666,2026-01-28,37.962154
3.1657474,40.479168,22.791666,2026-01-29,37.97513
3.1657474,40.479168,22.791666,2026-01-30,38.00041
3.1657474,40.479168,22.791666,2026-01-31,37.890636
3.1657474,40.479168,22.791666,2026-02-01,37.53391
3.1657474,40.479168,22.791666,2026-02-02,37.87085
3.1657474,40.479168,22.791666,2026-02-03,37.331654
3.1657474,40.479168,22.791666,2026-02-04,37.57873
3.1657474,40.479168,22.791666,2026-02-05,36.144283
3.1657474,40.479168,22.791666,2026-02-06,36.72617
3.1657474,40.479168,22.791666,2026-02-07,37.203117
3.1657474,40.479168,22.791666,2026-02-08,37.7341
3.1657474,40.479168,22.791666,2026-02-09,38.021812
3.1657474,40.479168,22.833334,2026-01-10,
3.1657474,40.479168,22.833334,2026-01-11,
3.1657474,40.479168,22.833334,2026-01-12,
3.1657474,40.479168,22.833334,2026-01-13,
3.1657474,40.479168,22.833334,2026-01-14,
3.1657474,40.479168,22.833334,2026-01-15,
3.1657474,40.479168,22.833334,2026-01-16,
3.1657474,40.479168,22.833334,2026-01-17,
3.1657474,40.479168,22.833334,2026-01-18,
3.1657474,40.479168,22.833334,2026-01-19,
3.1657474,40.479168,22.833334,2026-01-20,
3.1657474,40.479168,22.833334,2026-01-21,
3.1657474,40.479168,22.833334,2026-01-22,
3.1657474,40.479168,22.833334,2026-01-23,
3.1657474,40.479168,22.833334,2026-01-24,
3.1657474,40.479168,22.833334,2026-01-25,
3.1657474,40.479168,22.833334,2026-01-26,
3.1657474,40.479168,22.833334,2026-01-27,
3.1657474,40.479168,22.833334,2026-01-28,
3.1657474,40.479168,22.833334,2026-01-29,
3.1657474,40.479168,22.833334,2026-01-30,
3.1657474,40.479168,22.833334,2026-01-31,
3.1657474,40.479168,22.833334,2026-02-01,
3.1657474,40.479168,22.833334,2026-02-02,
3.1657474,40.479168,22.833334,2026-02-03,
3.1657474,40.479168,22.833334,2026-02-04,
3.1657474,40.479168,22.833334,2026-02-05,
3.1657474,40.479168,22.833334,2026-02-06,
3.1657474,40.479168,22.833334,2026-02-07,
3.1657474,40.479168,22.833334,2026-02-08,
3.1657474,40.479168,22.833334,2026-02-09,
3.1657474,40.479168,22.875,2026-01-10,
3.1657474,40.479168,22.875,2026-01-11,
3.1657474,40.479168,22.875,2026-01-12,
3.1657474,40.479168,22.875,2026-01-13,
3.1657474,40.479168,22.875,2026-01-14,
3.1657474,40.479168,22.875,2026-01-15,
3.1657474,40.479168,22.875,2026-01-16,
3.1657474,40.479168,22.875,2026-01-17,
3.1657474,40.479168,22.875,2026-01-18,
3.1657474,40.479168,22.875,2026-01-19,
3.1657474,40.479168,22.875,2026-01-20,
3.1657474,40.479168,22.875,2026-01-21,
3.1657474,40.479168,22.875,2026-01-22,
3.1657474,40.479168,22.875,2026-01-23,
3.1657474,40.479168,22.875,2026-01-24,
3.1657474,40.479168,22.875,2026-01-25,
3.1657474,40.479168,22.875,2026-01-26,
3.1657474,40.479168,22.875,2026-01-27,
3.1657474,40.479168,22.875,2026-01-28,
3.1657474,40.479168,22.875,2026-01-29,
3.1657474,40.479168,22.875,2026-01-30,
3.1657474,40.479168,22.875,2026-01-31,
3.1657474,40.479168,22.875,2026-02-01,
3.1657474,40.479168,22.875,2026-02-02,
3.1657474,40.479168,22.875,2026-02-03,
3.1657474,40.479168,22.875,2026-02-04,
3.1657474,40.479168,22.875,2026-02-05,
3.1657474,40.479168,22.875,2026-02-06,
3.1657474,40.479168,22.875,2026-02-07,
3.1657474,40.479168,22.875,2026-02-08,
3.1657474,40.479168,22.875,2026-02-09,
3.1657474,40.479168,22.916666,2026-01-10,
3.1657474,40.479168,22.916666,2026-01-11,
3.1657474,40.479168,22.916666,2026-01-12,
3.1657474,40.479168,22.916666,2026-01-13,
3.1657474,40.479168,22.916666,2026-01-14,
3.1657474,40.479168,22.916666,2026-01-15,
3.1657474,40.479168,22.916666,2026-01-16,
3.1657474,40.479168,22.916666,2026-01-17,
3.1657474,40.479168,22.916666,2026-01-18,
3.1657474,40.479168,22.916666,2026-01-19,
3.1657474,40.479168,22.916666,2026-01-20,
3.1657474,40.479168,22.916666,2026-01-21,
3.1657474,40.479168,22.916666,2026-01-22,
3.1657474,40.479168,22.916666,2026-01-23,
3.1657474,40.479168,22.916666,2026-01-24,
3.1657474,40.479168,22.916666,2026-01-25,
3.1657474,40.479168,22.916666,2026-01-26,
3.1657474,40.479168,22.916666,2026-01-27,
3.1657474,40.479168,22.916666,2026-01-28,
3.1657474,40.479168,22.916666,2026-01-29,
3.1657474,40.479168,22.916666,2026-01-30,
3.1657474,40.479168,22.916666,2026-01-31,
3.1657474,40.479168,22.916666,2026-02-01,
3.1657474,40.479168,22.916666,2026-02-02,
3.1657474,40.479168,22.916666,2026-02-03,
3.1657474,40.479168,22.916666,2026-02-04,
3.1657474,40.479168,22.916666,2026-02-05,
3.1657474,40.479168,22.916666,2026-02-06,
3.1657474,40.479168,22.916666,2026-02-07,
3.1657474,40.479168,22.916666,2026-02-08,
3.1657474,40.479168,22.916666,2026-02-09,
3.1657474,40.479168,22.958334,2026-01-10,
3.1657474,40.479168,22.958334,2026-01-11,
3.1657474,40.479168,22.958334,2026-01-12,
3.1657474,40.479168,22.958334,2026-01-13,
3.1657474,40.479168,22.958334,2026-01-14,
3.1657474,40.479168,22.958334,2026-01-15,
3.1657474,40.479168,22.958334,2026-01-16,
3.1657474,40.479168,22.958334,2026-01-17,
3.1657474,40.479168,22.958334,2026-01-18,
3.1657474,40.479168,22.958334,2026-01-19,
3.1657474,40.479168,22.958334,2026-01-20,
3.1657474,40.479168,22.958334,2026-01-21,
3.1657474,40.479168,22.958334,2026-01-22,
3.1657474,40.479168,22.958334,2026-01-23,
3.1657474,40.479168,22.958334,2026-01-24,
3.1657474,40.479168,22.958334,2026-01-25,
3.1657474,40.479168,22.958334,2026-01-26,
3.1657474,40.479168,22.958334,2026-01-27,
3.1657474,40.479168,22.958334,2026-01-28,
3.1657474,40.479168,22.958334,2026-01-29,
3.1657474,40.479168,22.958334,2026-01-30,
3.1657474,40.479168,22.958334,2026-01-31,
3.1657474,40.479168,22.958334,2026-02-01,
3.1657474,40.479168,22.958334,2026-02-02,
3.1657474,40.479168,22.958334,2026-02-03,
3.1657474,40.479168,22.958334,2026-02-04,
3.1657474,40.479168,22.958334,2026-02-05,
3.1657474,40.479168,22.958334,2026-02-06,
3.1657474,40.479168,22.958334,2026-02-07,
3.1657474,40.479168,22.958334,2026-02-08,
3.1657474,40.479168,22.958334,2026-02-09,
3.1657474,40.479168,23.0,2026-01-10,
3.1657474,40.479168,23.0,2026-01-11,
3.1657474,40.479168,23.0,2026-01-12,
3.1657474,40.479168,23.0,2026-01-13,
3.1657474,40.479168,23.0,2026-01-14,
3.1657474,40.479168,23.0,2026-01-15,
3.1657474,40.479168,23.0,2026-01-16,
3.1657474,40.479168,23.0,2026-01-17,
3.1657474,40.479168,23.0,2026-01-18,
3.1657474,40.479168,23.0,2026-01-19,
3.1657474,40.479168,23.0,2026-01-20,
3.1657474,40.479168,23.0,2026-01-21,
3.1657474,40.479168,23.0,2026-01-22,
3.1657474,40.479168,23.0,2026-01-23,
3.1657474,40.479168,23.0,2026-01-24,
3.1657474,40.479168,23.0,2026-01-25,
3.1657474,40.479168,23.0,2026-01-26,
3.1657474,40.479168,23.0,2026-01-27,
3.1657474,40.479168,23.0,2026-01-28,
3.1657474,40.479168,23.0,2026-01-29,
3.1657474,40.479168,23.0,2026-01-30,
3.1657474,40.479168,23.0,2026-01-31,
3.1657474,40.479168,23.0,2026-02-01,
3.1657474,40.479168,23.0,2026-02-02,
3.1657474,40.479168,23.0,2026-02-03,
3.1657474,40.479168,23.0,2026-02-04,
3.1657474,40.479168,23.0,2026-02-05,
3.1657474,40.479168,23.0,2026-02-06,
3.1657474,40.479168,23.0,2026-02-07,
3.1657474,40.479168,23.0,2026-02-08,
3.1657474,40.479168,23.0,2026-02-09,
3.1657474,40.520832,22.5,2026-01-10,
3.1657474,40.520832,22.5,2026-01-11,
3.1657474,40.520832,22.5,2026-01-12,
3.1657474,40.520832,22.5,2026-01-13,
3.1657474,40.520832,22.5,2026-01-14,
3.1657474,40.520832,22.5,2026-01-15,
3.1657474,40.520832,22.5,2026-01-16,
3.1657474,40.520832,22.5,2026-01-17,
3.1657474,40.520832,22.5,2026-01-18,
3.1657474,40.520832,22.5,2026-01-19,
3.1657474,40.520832,22.5,2026-01-20,
3.1657474,40.520832,22.5,2026-01-21,
3.1657474,40.520832,22.5,2026-01-22,
3.1657474,40.520832,22.5,2026-01-23,
3.1657474,40.520832,22.5,2026-01-24,
3.1657474,40.520832,22.5,2026-01-25,
3.1657474,40.520832,22.5,2026-01-26,
3.1657474,40.520832,22.5,2026-01-27,
3.1657474,40.520832,22.5,2026-01-28,
3.1657474,40.520832,22.5,2026-01-29,
3.1657474,40.520832,22.5,2026-01-30,
3.1657474,40.520832,22.5,2026-01-31,
3.1657474,40.520832,22.5,2026-02-01,
3.1657474,40.520832,22.5,2026-02-02,
3.1657474,40.520832,22.5,2026-02-03,
3.1657474,40.520832,22.5,2026-02-04,
3.1657474,40.520832,22.5,2026-02-05,
3.1657474,40.520832,22.5,2026-02-06,
3.1657474,40.520832,22.5,2026-02-07,
3.1657474,40.520832,22.5,2026-02-08,
3.1657474,40.520832,22.5,2026-02-09,
3.1657474,40.520832,22.541666,2026-01-10,
3.1657474,40.520832,22.541666,2026-01-11,
3.1657474,40.520832,22.541666,2026-01-12,
3.1657474,40.520832,22.541666,2026-01-13,
3.1657474,40.520832,22.541666,2026-01-14,
3.1657474,40.520832,22.541666,2026-01-15,
3.1657474,40.520832,22.541666,2026-01-16,
3.1657474,40.520832,22.541666,2026-01-17,
3.1657474,40.520832,22.541666,2026-01-18,
3.1657474,40.520832,22.541666,2026-01-19,
3.1657474,40.520832,22.541666,2026-01-20,
3.1657474,40.520832,22.541666,2026-01-21,
3.1657474,40.520832,22.541666,2026-01-22,
3.1657474,40.520832,22.541666,2026-01-23,
3.1657474,40.520832,22.541666,2026-01-24,
3.1657474,40.520832,22.541666,2026-01-25,
3.1657474,40.520832,22.541666,2026-01-26,
3.1657474,40.520832,22.541666,2026-01-27,
3.1657474,40.520832,22.541666,2026-01-28,
3.1657474,40.520832,22.541666,2026-01-29,
3.1657474,40.520832,22.541666,2026-01-30,
3.1657474,40.520832,22.541666,2026-01-31,
3.1657474,40.520832,22.541666,2026-02-01,
3.1657474,40.520832,22.541666,2026-02-02,
3.1657474,40.520832,22.541666,2026-02-03,
3.1657474,40.520832,22.541666,2026-02-04,
3.1657474,40.520832,22.541666,2026-02-05,
3.1657474,40.520832,22.541666,2026-02-06,
3.1657474,40.520832,22.541666,2026-02-07,
3.1657474,40.520832,22.541666,2026-02-08,
3.1657474,40.520832,22.541666,2026-02-09,
3.1657474,40.520832,22.583334,2026-01-10,
3.1657474,40.520832,22.583334,2026-01-11,
3.1657474,40.520832,22.583334,2026-01-12,
3.1657474,40.520832,22.583334,2026-01-13,
3.1657474,40.520832,22.583334,2026-01-14,
3.1657474,40.520832,22.583334,2026-01-15,
3.1657474,40.520832,22.583334,2026-01-16,
3.1657474,40.520832,22.583334,2026-01-17,
3.1657474,40.520832,22.583334,2026-01-18,
3.1657474,40.520832,22.583334,2026-01-19,
3.1657474,40.520832,22.583334,2026-01-20,
3.1657474,40.520832,22.583334,2026-01-21,
3.1657474,40.520832,22.583334,2026-01-22,
3.1657474,40.520832,22.583334,2026-01-23,
3.1657474,40.520832,22.583334,2026-01-24,
3.1657474,40.520832,22.583334,2026-01-25,
3.1657474,40.520832,22.583334,2026-01-26,
3.1657474,40.520832,22.583334,2026-01-27,
3.1657474,40.520832,22.583334,2026-01-28,
3.1657474,40.520832,22.583334,2026-01-29,
3.1657474,40.520832,22.583334,2026-01-30,
3.1657474,40.520832,22.583334,2026-01-31,
3.1657474,40.520832,22.583334,2026-02-01,
3.1657474,40.520832,22.583334,2026-02-02,
3.1657474,40.520832,22.583334,2026-02-03,
3.1657474,40.520832,22.583334,2026-02-04,
3.1657474,40.520832,22.583334,2026-02-05,
3.1657474,40.520832,22.583334,2026-02-06,
3.1657474,40.520832,22.583334,2026-02-07,
3.1657474,40.520832,22.583334,2026-02-08,
3.1657474,40.520832,22.583334,2026-02-09,
3.1657474,40.520832,22.625,2026-01-10,
3.1657474,40.520832,22.625,2026-01-11,
3.1657474,40.520832,22.625,2026-01-12,
3.1657474,40.520832,22.625,2026-01-13,
3.1657474,40.520832,22.625,2026-01-14,
3.1657474,40.520832,22.625,2026-01-15,
3.1657474,40.520832,22.625,2026-01-16,
3.1657474,40.520832,22.625,2026-01-17,
3.1657474,40.520832,22.625,2026-01-18,
3.1657474,40.520832,22.625,2026-01-19,
3.1657474,40.520832,22.625,2026-01-20,
3.1657474,40.520832,22.625,2026-01-21,
3.1657474,40.520832,22.625,2026-01-22,
3.1657474,40.520832,22.625,2026-01-23,
3.1657474,40.520832,22.625,2026-01-24,
3.1657474,40.520832,22.625,2026-01-25,
3.1657474,40.520832,22.625,2026-01-26,
3.1657474,40.520832,22.625,2026-01-27,
3.1657474,40.520832,22.625,2026-01-28,
3.1657474,40.520832,22.625,2026-01-29,
3.1657474,40.520832,22.625,2026-01-30,
3.1657474,40.520832,22.625,2026-01-31,
3.1657474,40.520832,22.625,2026-02-01,
3.1657474,40.520832,22.625,2026-02-02,
3.1657474,40.520832,22.625,2026-02-03,
3.1657474,40.520832,22.625,2026-02-04,
3.1657474,40.520832,22.625,2026-02-05,
3.1657474,40.520832,22.625,2026-02-06,
3.1657474,40.520832,22.625,2026-02-07,
3.1657474,40.520832,22.625,2026-02-08,
3.1657474,40.520832,22.625,2026-02-09,
3.1657474,40.520832,22.666666,2026-01-10,
3.1657474,40.520832,22.666666,2026-01-11,
3.1657474,40.520832,22.666666,2026-01-12,
3.1657474,40.520832,22.666666,2026-01-13,
3.1657474,40.520832,22.666666,2026-01-14,
3.1657474,40.520832,22.666666,2026-01-15,
3.1657474,40.520832,22.666666,2026-01-16,
3.1657474,40.520832,22.666666,2026-01-17,
3.1657474,40.520832,22.666666,2026-01-18,
3.1657474,40.520832,22.666666,2026-01-19,
3.1657474,40.520832,22.666666,2026-01-20,
3.1657474,40.520832,22.666666,2026-01-21,
3.1657474,40.520832,22.666666,2026-01-22,
3.1657474,40.520832,22.666666,2026-01-23,
3.1657474,40.520832,22.666666,2026-01-24,
3.1657474,40.520832,22.666666,2026-01-25,
3.1657474,40.520832,22.666666,2026-01-26,
3.1657474,40.520832,22.666666,2026-01-27,
3.1657474,40.520832,22.666666,2026-01-28,
3.1657474,40.520832,22.666666,2026-01-29,
3.1657474,40.520832,22.666666,2026-01-30,
3.1657474,40.520832,22.666666,2026-01-31,
3.1657474,40.520832,22.666666,2026-02-01,
3.1657474,40.520832,22.666666,2026-02-02,
3.1657474,40.520832,22.666666,2026-02-03,
3.1657474,40.520832,22.666666,2026-02-04,
3.1657474,40.520832,22.666666,2026-02-05,
3.1657474,40.520832,22.666666,2026-02-06,
3.1657474,40.520832,22.666666,2026-02-07,
3.1657474,40.520832,22.666666,2026-02-08,
3.1657474,40.520832,22.666666,2026-02-09,
3.1657474,40.520832,22.708334,2026-01-10,
3.1657474,40.520832,22.708334,2026-01-11,
3.1657474,40.520832,22.708334,2026-01-12,
3.1657474,40.520832,22.708334,2026-01-13,
3.1657474,40.520832,22.708334,2026-01-14,
3.1657474,40.520832,22.708334,2026-01-15,
3.1657474,40.520832,22.708334,2026-01-16,
3.1657474,40.520832,22.708334,2026-01-17,
3.1657474,40.520832,22.708334,2026-01-18,
3.1657474,40.520832,22.708334,2026-01-19,
3.1657474,40.520832,22.708334,2026-01-20,
3.1657474,40.520832,22.708334,2026-01-21,
3.1657474,40.520832,22.708334,2026-01-22,
3.1657474,40.520832,22.708334,2026-01-23,
3.1657474,40.520832,22.708334,2026-01-24,
3.1657474,40.520832,22.708334,2026-01-25,
3.1657474,40.520832,22.708334,2026-01-26,
3.1657474,40.520832,22.708334,2026-01-27,
3.1657474,40.520832,22.708334,2026-01-28,
3.1657474,40.520832,22.708334,2026-01-29,
3.1657474,40.520832,22.708334,2026-01-30,
3.1657474,40.520832,22.708334,2026-01-31,
3.1657474,40.520832,22.708334,2026-02-01,
3.1657474,40.520832,22.708334,2026-02-02,
3.1657474,40.520832,22.708334,2026-02-03,
3.1657474,40.520832,22.708334,2026-02-04,
3.1657474,40.520832,22.708334,2026-02-05,
3.1657474,40.520832,22.708334,2026-02-06,
3.1657474,40.520832,22.708334,2026-02-07,
3.1657474,40.520832,22.708334,2026-02-08,
3.1657474,40.520832,22.708334,2026-02-09,
3.1657474,40.520832,22.75,2026-01-10,
3.1657474,40.520832,22.75,2026-01-11,
3.1657474,40.520832,22.75,2026-01-12,
3.1657474,40.520832,22.75,2026-01-13,
3.1657474,40.520832,22.75,2026-01-14,
3.1657474,40.520832,22.75,2026-01-15,
3.1657474,40.520832,22.75,2026-01-16,
3.1657474,40.520832,22.75,2026-01-17,
3.1657474,40.520832,22.75,2026-01-18,
3.1657474,40.520832,22.75,2026-01-19,
3.1657474,40.520832,22.75,2026-01-20,
3.1657474,40.520832,22.75,2026-01-21,
3.1657474,40.520832,22.75,2026-01-22,
3.1657474,40.520832,22.75,2026-01-23,
3.1657474,40.520832,22.75,2026-01-24,
3.1657474,40.520832,22.75,2026-01-25,
3.1657474,40.520832,22.75,2026-01-26,
3.1657474,40.520832,22.75,2026-01-27,
3.1657474,40.520832,22.75,2026-01-28,
3.1657474,40.520832,22.75,2026-01-29,
3.1657474,40.520832,22.75,2026-01-30,
3.1657474,40.520832,22.75,2026-01-31,
3.1657474,40.520832,22.75,2026-02-01,
3.1657474,40.520832,22.75,2026-02-02,
3.1657474,40.520832,22.75,2026-02-03,
3.1657474,40.520832,22.75,2026-02-04,
3.1657474,40.520832,22.75,2026-02-05,
3.1657474,40.520832,22.75,2026-02-06,
3.1657474,40.520832,22.75,2026-02-07,
3.1657474,40.520832,22.75,2026-02-08,
3.1657474,40.520832,22.75,2026-02-09,
3.1657474,40.520832,22.791666,2026-01-10,
3.1657474,40.520832,22.791666,2026-01-11,
3.1657474,40.520832,22.791666,2026-01-12,
3.1657474,40.520832,22.791666,2026-01-13,
3.1657474,40.520832,22.791666,2026-01-14,
3.1657474,40.520832,22.791666,2026-01-15,
3.1657474,40.520832,22.791666,2026-01-16,
3.1657474,40.520832,22.791666,2026-01-17,
3.1657474,40.520832,22.791666,2026-01-18,
3.1657474,40.520832,22.791666,2026-01-19,
3.1657474,40.520832,22.791666,2026-01-20,
3.1657474,40.520832,22.791666,2026-01-21,
3.1657474,40.520832,22.791666,2026-01-22,
3.1657474,40.520832,22.791666,2026-01-23,
3.1657474,40.520832,22.791666,2026-01-24,
3.1657474,40.520832,22.791666,2026-01-25,
3.1657474,40.520832,22.791666,2026-01-26,
3.1657474,40.520832,22.791666,2026-01-27,
3.1657474,40.520832,22.791666,2026-01-28,
3.1657474,40.520832,22.791666,2026-01-29,
3.1657474,40.520832,22.791666,2026-01-30,
3.1657474,40.520832,22.791666,2026-01-31,
3.1657474,40.520832,22.791666,2026-02-01,
3.1657474,40.520832,22.791666,2026-02-02,
3.1657474,40.520832,22.791666,2026-02-03,
3.1657474,40.520832,22.791666,2026-02-04,
3.1657474,40.520832,22.791666,2026-02-05,
3.1657474,40.520832,22.791666,2026-02-06,
3.1657474,40.520832,22.791666,2026-02-07,
3.1657474,40.520832,22.791666,2026-02-08,
3.1657474,40.520832,22.791666,2026-02-09,
3.1657474,40.520832,22.833334,2026-01-10,
3.1657474,40.520832,22.833334,2026-01-11,
3.1657474,40.520832,22.833334,2026-01-12,
3.1657474,40.520832,22.833334,2026-01-13,
3.1657474,40.520832,22.833334,2026-01-14,
3.1657474,40.520832,22.833334,2026-01-15,
3.1657474,40.520832,22.833334,2026-01-16,
3.1657474,40.520832,22.833334,2026-01-17,
3.1657474,40.520832,22.833334,2026-01-18,
3.1657474,40.520832,22.833334,2026-01-19,
3.1657474,40.520832,22.833334,2026-01-20,
3.1657474,40.520832,22.833334,2026-01-21,
3.1657474,40.520832,22.833334,2026-01-22,
3.1657474,40.520832,22.833334,2026-01-23,
3.1657474,40.520832,22.833334,2026-01-24,
3.1657474,40.520832,22.833334,2026-01-25,
3.1657474,40.520832,22.833334,2026-01-26,
3.1657474,40.520832,22.833334,2026-01-27,
3.1657474,40.520832,22.833334,2026-01-28,
3.1657474,40.520832,22.833334,2026-01-29,
3.1657474,40.520832,22.833334,2026-01-30,
3.1657474,40.520832,22.833334,2026-01-31,
3.1657474,40.520832,22.833334,2026-02-01,
3.1657474,40.520832,22.833334,2026-02-02,
3.1657474,40.520832,22.833334,2026-02-03,
3.1657474,40.520832,22.833334,2026-02-04,
3.1657474,40.520832,22.833334,2026-02-05,
3.1657474,40.520832,22.833334,2026-02-06,
3.1657474,40.520832,22.833334,2026-02-07,
3.1657474,40.520832,22.833334,2026-02-08,
3.1657474,40.520832,22.833334,2026-02-09,
3.1657474,40.520832,22.875,2026-01-10,
3.1657474,40.520832,22.875,2026-01-11,
3.1657474,40.520832,22.875,2026-01-12,
3.1657474,40.520832,22.875,2026-01-13,
3.1657474,40.520832,22.875,2026-01-14,
3.1657474,40.520832,22.875,2026-01-15,
3.1657474,40.520832,22.875,2026-01-16,
3.1657474,40.520832,22.875,2026-01-17,
3.1657474,40.520832,22.875,2026-01-18,
3.1657474,40.520832,22.875,2026-01-19,
3.1657474,40.520832,22.875,2026-01-20,
3.1657474,40.520832,22.875,2026-01-21,
3.1657474,40.520832,22.875,2026-01-22,
3.1657474,40.520832,22.875,2026-01-23,
3.1657474,40.520832,22.875,2026-01-24,
3.1657474,40.520832,22.875,2026-01-25,
3.1657474,40.520832,22.875,2026-01-26,
3.1657474,40.520832,22.875,2026-01-27,
3.1657474,40.520832,22.875,2026-01-28,
3.1657474,40.520832,22.875,2026-01-29,
3.1657474,40.520832,22.875,2026-01-30,
3.1657474,40.520832,22.875,2026-01-31,
3.1657474,40.520832,22.875,2026-02-01,
3.1657474,40.520832,22.875,2026-02-02,
3.1657474,40.520832,22.875,2026-02-03,
3.1657474,40.520832,22.875,2026-02-04,
3.1657474,40.520832,22.875,2026-02-05,
3.1657474,40.520832,22.875,2026-02-06,
3.1657474,40.520832,22.875,2026-02-07,
3.1657474,40.520832,22.875,2026-02-08,
3.1657474,40.520832,22.875,2026-02-09,
3.1657474,40.520832,22.916666,2026-01-10,
3.1657474,40.520832,22.916666,2026-01-11,
3.1657474,40.520832,22.916666,2026-01-12,
3.1657474,40.520832,22.916666,2026-01-13,
3.1657474,40.520832,22.916666,2026-01-14,
3.1657474,40.520832,22.916666,2026-01-15,
3.1657474,40.520832,22.916666,2026-01-16,
3.1657474,40.520832,22.916666,2026-01-17,
3.1657474,40.520832,22.916666,2026-01-18,
3.1657474,40.520832,22.916666,2026-01-19,
3.1657474,40.520832,22.916666,2026-01-20,
3.1657474,40.520832,22.916666,2026-01-21,
3.1657474,40.520832,22.916666,2026-01-22,
3.1657474,40.520832,22.916666,2026-01-23,
3.1657474,40.520832,22.916666,2026-01-24,
3.1657474,40.520832,22.916666,2026-01-25,
3.1657474,40.520832,22.916666,2026-01-26,
3.1657474,40.520832,22.916666,2026-01-27,
3.1657474,40.520832,22.916666,2026-01-28,
3.1657474,40.520832,22.916666,2026-01-29,
3.1657474,40.520832,22.916666,2026-01-30,
3.1657474,40.520832,22.916666,2026-01-31,
3.1657474,40.520832,22.916666,2026-02-01,
3.1657474,40.520832,22.916666,2026-02-02,
3.1657474,40.520832,22.916666,2026-02-03,
3.1657474,40.520832,22.916666,2026-02-04,
3.1657474,40.520832,22.916666,2026-02-05,
3.1657474,40.520832,22.916666,2026-02-06,
3.1657474,40.520832,22.916666,2026-02-07,
3.1657474,40.520832,22.916666,2026-02-08,
3.1657474,40.520832,22.916666,2026-02-09,
3.1657474,40.520832,22.958334,2026-01-10,
3.1657474,40.520832,22.958334,2026-01-11,
3.1657474,40.520832,22.958334,2026-01-12,
3.1657474,40.520832,22.958334,2026-01-13,
3.1657474,40.520832,22.958334,2026-01-14,
3.1657474,40.520832,22.958334,2026-01-15,
3.1657474,40.520832,22.958334,2026-01-16,
3.1657474,40.520832,22.958334,2026-01-17,
3.1657474,40.520832,22.958334,2026-01-18,
3.1657474,40.520832,22.958334,2026-01-19,
3.1657474,40.520832,22.958334,2026-01-20,
3.1657474,40.520832,22.958334,2026-01-21,
3.1657474,40.520832,22.958334,2026-01-22,
3.1657474,40.520832,22.958334,2026-01-23,
3.1657474,40.520832,22.958334,2026-01-24,
3.1657474,40.520832,22.958334,2026-01-25,
3.1657474,40.520832,22.958334,2026-01-26,
3.1657474,40.520832,22.958334,2026-01-27,
3.1657474,40.520832,22.958334,2026-01-28,
3.1657474,40.520832,22.958334,2026-01-29,
3.1657474,40.520832,22.958334,2026-01-30,
3.1657474,40.520832,22.958334,2026-01-31,
3.1657474,40.520832,22.958334,2026-02-01,
3.1657474,40.520832,22.958334,2026-02-02,
3.1657474,40.520832,22.958334,2026-02-03,
3.1657474,40.520832,22.958334,2026-02-04,
3.1657474,40.520832,22.958334,2026-02-05,
3.1657474,40.520832,22.958334,2026-02-06,
3.1657474,40.520832,22.958334,2026-02-07,
3.1657474,40.520832,22.958334,2026-02-08,
3.1657474,40.520832,22.958334,2026-02-09,
3.1657474,40.520832,23.0,2026-01-10,
3.1657474,40.520832,23.0,2026-01-11,
3.1657474,40.520832,23.0,2026-01-12,
3.1657474,40.520832,23.0,2026-01-13,
3.1657474,40.520832,23.0,2026-01-14,
3.1657474,40.520832,23.0,2026-01-15,
3.1657474,40.520832,23.0,2026-01-16,
3.1657474,40.520832,23.0,2026-01-17,
3.1657474,40.520832,23.0,2026-01-18,
3.1657474,40.520832,23.0,2026-01-19,
3.1657474,40.520832,23.0,2026-01-20,
3.1657474,40.520832,23.0,2026-01-21,
3.1657474,40.520832,23.0,2026-01-22,
3.1657474,40.520832,23.0,2026-01-23,
3.1657474,40.520832,23.0,2026-01-24,
3.1657474,40.520832,23.0,2026-01-25,
3.1657474,40.520832,23.0,2026-01-26,
3.1657474,40.520832,23.0,2026-01-27,
3.1657474,40.520832,23.0,2026-01-28,
3.1657474,40.520832,23.0,2026-01-29,
3.1657474,40.520832,23.0,2026-01-30,
3.1657474,40.520832,23.0,2026-01-31,
3.1657474,40.520832,23.0,2026-02-01,
3.1657474,40.520832,23.0,2026-02-02,
3.1657474,40.520832,23.0,2026-02-03,
3.1657474,40.520832,23.0,2026-02-04,
3.1657474,40.520832,23.0,2026-02-05,
3.1657474,40.520832,23.0,2026-02-06,
3.1657474,40.520832,23.0,2026-02-07,
3.1657474,40.520832,23.0,2026-02-08,
3.1657474,40.520832,23.0,2026-02-09,
3.1657474,40.5625,22.5,2026-01-10,
3.1657474,40.5625,22.5,2026-01-11,
3.1657474,40.5625,22.5,2026-01-12,
3.1657474,40.5625,22.5,2026-01-13,
3.1657474,40.5625,22.5,2026-01-14,
3.1657474,40.5625,22.5,2026-01-15,
3.1657474,40.5625,22.5,2026-01-16,
3.1657474,40.5625,22.5,2026-01-17,
3.1657474,40.5625,22.5,2026-01-18,
3.1657474,40.5625,22.5,2026-01-19,
3.1657474,40.5625,22.5,2026-01-20,
3.1657474,40.5625,22.5,2026-01-21,
3.1657474,40.5625,22.5,2026-01-22,
3.1657474,40.5625,22.5,2026-01-23,
3.1657474,40.5625,22.5,2026-01-24,
3.1657474,40.5625,22.5,2026-01-25,
3.1657474,40.5625,22.5,2026-01-26,
3.1657474,40.5625,22.5,2026-01-27,
3.1657474,40.5625,22.5,2026-01-28,
3.1657474,40.5625,22.5,2026-01-29,
3.1657474,40.5625,22.5,2026-01-30,
3.1657474,40.5625,22.5,2026-01-31,
3.1657474,40.5625,22.5,2026-02-01,
3.1657474,40.5625,22.5,2026-02-02,
3.1657474,40.5625,22.5,2026-02-03,
3.1657474,40.5625,22.5,2026-02-04,
3.1657474,40.5625,22.5,2026-02-05,
3.1657474,40.5625,22.5,2026-02-06,
3.1657474,40.5625,22.5,2026-02-07,
3.1657474,40.5625,22.5,2026-02-08,
3.1657474,40.5625,22.5,2026-02-09,
3.1657474,40.5625,22.541666,2026-01-10,
3.1657474,40.5625,22.541666,2026-01-11,
3.1657474,40.5625,22.541666,2026-01-12,
3.1657474,40.5625,22.541666,2026-01-13,
3.1657474,40.5625,22.541666,2026-01-14,
3.1657474,40.5625,22.541666,2026-01-15,
3.1657474,40.5625,22.541666,2026-01-16,
3.1657474,40.5625,22.541666,2026-01-17,
3.1657474,40.5625,22.541666,2026-01-18,
3.1657474,40.5625,22.541666,2026-01-19,
3.1657474,40.5625,22.541666,2026-01-20,
3.1657474,40.5625,22.541666,2026-01-21,
3.1657474,40.5625,22.541666,2026-01-22,
3.1657474,40.5625,22.541666,2026-01-23,
3.1657474,40.5625,22.541666,2026-01-24,
3.1657474,40.5625,22.541666,2026-01-25,
3.1657474,40.5625,22.541666,2026-01-26,
3.1657474,40.5625,22.541666,2026-01-27,
3.1657474,40.5625,22.541666,2026-01-28,
3.1657474,40.5625,22.541666,2026-01-29,
3.1657474,40.5625,22.541666,2026-01-30,
3.1657474,40.5625,22.541666,2026-01-31,
3.1657474,40.5625,22.541666,2026-02-01,
3.1657474,40.5625,22.541666,2026-02-02,
3.1657474,40.5625,22.541666,2026-02-03,
3.1657474,40.5625,22.541666,2026-02-04,
3.1657474,40.5625,22.541666,2026-02-05,
3.1657474,40.5625,22.541666,2026-02-06,
3.1657474,40.5625,22.541666,2026-02-07,
3.1657474,40.5625,22.541666,2026-02-08,
3.1657474,40.5625,22.541666,2026-02-09,
3.1657474,40.5625,22.583334,2026-01-10,
3.1657474,40.5625,22.583334,2026-01-11,
3.1657474,40.5625,22.583334,2026-01-12,
3.1657474,40.5625,22.583334,2026-01-13,
3.1657474,40.5625,22.583334,2026-01-14,
3.1657474,40.5625,22.583334,2026-01-15,
3.1657474,40.5625,22.583334,2026-01-16,
3.1657474,40.5625,22.583334,2026-01-17,
3.1657474,40.5625,22.583334,2026-01-18,
3.1657474,40.5625,22.583334,2026-01-19,
3.1657474,40.5625,22.583334,2026-01-20,
3.1657474,40.5625,22.583334,2026-01-21,
3.1657474,40.5625,22.583334,2026-01-22,
3.1657474,40.5625,22.583334,2026-01-23,
3.1657474,40.5625,22.583334,2026-01-24,
3.1657474,40.5625,22.583334,2026-01-25,
3.1657474,40.5625,22.583334,2026-01-26,
3.1657474,40.5625,22.583334,2026-01-27,
3.1657474,40.5625,22.583334,2026-01-28,
3.1657474,40.5625,22.583334,2026-01-29,
3.1657474,40.5625,22.583334,2026-01-30,
3.1657474,40.5625,22.583334,2026-01-31,
3.1657474,40.5625,22.583334,2026-02-01,
3.1657474,40.5625,22.583334,2026-02-02,
3.1657474,40.5625,22.583334,2026-02-03,
3.1657474,40.5625,22.583334,2026-02-04,
3.1657474,40.5625,22.583334,2026-02-05,
3.1657474,40.5625,22.583334,2026-02-06,
3.1657474,40.5625,22.583334,2026-02-07,
3.1657474,40.5625,22.583334,2026-02-08,
3.1657474,40.5625,22.583334,2026-02-09,
3.1657474,40.5625,22.625,2026-01-10,
3.1657474,40.5625,22.625,2026-01-11,
3.1657474,40.5625,22.625,2026-01-12,
3.1657474,40.5625,22.625,2026-01-13,
3.1657474,40.5625,22.625,2026-01-14,
3.1657474,40.5625,22.625,2026-01-15,
3.1657474,40.5625,22.625,2026-01-16,
3.1657474,40.5625,22.625,2026-01-17,
3.1657474,40.5625,22.625,2026-01-18,
3.1657474,40.5625,22.625,2026-01-19,
3.1657474,40.5625,22.625,2026-01-20,
3.1657474,40.5625,22.625,2026-01-21,
3.1657474,40.5625,22.625,2026-01-22,
3.1657474,40.5625,22.625,2026-01-23,
3.1657474,40.5625,22.625,2026-01-24,
3.1657474,40.5625,22.625,2026-01-25,
3.1657474,40.5625,22.625,2026-01-26,
3.1657474,40.5625,22.625,2026-01-27,
3.1657474,40.5625,22.625,2026-01-28,
3.1657474,40.5625,22.625,2026-01-29,
3.1657474,40.5625,22.625,2026-01-30,
3.1657474,40.5625,22.625,2026-01-31,
3.1657474,40.5625,22.625,2026-02-01,
3.1657474,40.5625,22.625,2026-02-02,
3.1657474,40.5625,22.625,2026-02-03,
3.1657474,40.5625,22.625,2026-02-04,
3.1657474,40.5625,22.625,2026-02-05,
3.1657474,40.5625,22.625,2026-02-06,
3.1657474,40.5625,22.625,2026-02-07,
3.1657474,40.5625,22.625,2026-02-08,
3.1657474,40.5625,22.625,2026-02-09,
3.1657474,40.5625,22.666666,2026-01-10,
3.1657474,40.5625,22.666666,2026-01-11,
3.1657474,40.5625,22.666666,2026-01-12,
3.1657474,40.5625,22.666666,2026-01-13,
3.1657474,40.5625,22.666666,2026-01-14,
3.1657474,40.5625,22.666666,2026-01-15,
3.1657474,40.5625,22.666666,2026-01-16,
3.1657474,40.5625,22.666666,2026-01-17,
3.1657474,40.5625,22.666666,2026-01-18,
3.1657474,40.5625,22.666666,2026-01-19,
3.1657474,40.5625,22.666666,2026-01-20,
3.1657474,40.5625,22.666666,2026-01-21,
3.1657474,40.5625,22.666666,2026-01-22,
3.1657474,40.5625,22.666666,2026-01-23,
3.1657474,40.5625,22.666666,2026-01-24,
3.1657474,40.5625,22.666666,2026-01-25,
3.1657474,40.5625,22.666666,2026-01-26,
3.1657474,40.5625,22.666666,2026-01-27,
3.1657474,40.5625,22.666666,2026-01-28,
3.1657474,40.5625,22.666666,2026-01-29,
3.1657474,40.5625,22.666666,2026-01-30,
3.1657474,40.5625,22.666666,2026-01-31,
3.1657474,40.5625,22.666666,2026-02-01,
3.1657474,40.5625,22.666666,2026-02-02,
3.1657474,40.5625,22.666666,2026-02-03,
3.1657474,40.5625,22.666666,2026-02-04,
3.1657474,40.5625,22.666666,2026-02-05,
3.1657474,40.5625,22.666666,2026-02-06,
3.1657474,40.5625,22.666666,2026-02-07,
3.1657474,40.5625,22.666666,2026-02-08,
3.1657474,40.5625,22.666666,2026-02-09,
3.1657474,40.5625,22.708334,2026-01-10,
3.1657474,40.5625,22.708334,2026-01-11,
3.1657474,40.5625,22.708334,2026-01-12,
3.1657474,40.5625,22.708334,2026-01-13,
3.1657474,40.5625,22.708334,2026-01-14,
3.1657474,40.5625,22.708334,2026-01-15,
3.1657474,40.5625,22.708334,2026-01-16,
3.1657474,40.5625,22.708334,2026-01-17,
3.1657474,40.5625,22.708334,2026-01-18,
3.1657474,40.5625,22.708334,2026-01-19,
3.1657474,40.5625,22.708334,2026-01-20,
3.1657474,40.5625,22.708334,2026-01-21,
3.1657474,40.5625,22.708334,2026-01-22,
3.1657474,40.5625,22.708334,2026-01-23,
3.1657474,40.5625,22.708334,2026-01-24,
3.1657474,40.5625,22.708334,2026-01-25,
3.1657474,40.5625,22.708334,2026-01-26,
3.1657474,40.5625,22.708334,2026-01-27,
3.1657474,40.5625,22.708334,2026-01-28,
3.1657474,40.5625,22.708334,2026-01-29,
3.1657474,40.5625,22.708334,2026-01-30,
3.1657474,40.5625,22.708334,2026-01-31,
3.1657474,40.5625,22.708334,2026-02-01,
3.1657474,40.5625,22.708334,2026-02-02,
3.1657474,40.5625,22.708334,2026-02-03,
3.1657474,40.5625,22.708334,2026-02-04,
3.1657474,40.5625,22.708334,2026-02-05,
3.1657474,40.5625,22.708334,2026-02-06,
3.1657474,40.5625,22.708334,2026-02-07,
3.1657474,40.5625,22.708334,2026-02-08,
3.1657474,40.5625,22.708334,2026-02-09,
3.1657474,40.5625,22.75,2026-01-10,
3.1657474,40.5625,22.75,2026-01-11,
3.1657474,40.5625,22.75,2026-01-12,
3.1657474,40.5625,22.75,2026-01-13,
3.1657474,40.5625,22.75,2026-01-14,
3.1657474,40.5625,22.75,2026-01-15,
3.1657474,40.5625,22.75,2026-01-16,
3.1657474,40.5625,22.75,2026-01-17,
3.1657474,40.5625,22.75,2026-01-18,
3.1657474,40.5625,22.75,2026-01-19,
3.1657474,40.5625,22.75,2026-01-20,
3.1657474,40.5625,22.75,2026-01-21,
3.1657474,40.5625,22.75,2026-01-22,
3.1657474,40.5625,22.75,2026-01-23,
3.1657474,40.5625,22.75,2026-01-24,
3.1657474,40.5625,22.75,2026-01-25,
3.1657474,40.5625,22.75,2026-01-26,
3.1657474,40.5625,22.75,2026-01-27,
3.1657474,40.5625,22.75,2026-01-28,
3.1657474,40.5625,22.75,2026-01-29,
3.1657474,40.5625,22.75,2026-01-30,
3.1657474,40.5625,22.75,2026-01-31,
3.1657474,40.5625,22.75,2026-02-01,
3.1657474,40.5625,22.75,2026-02-02,
3.1657474,40.5625,22.75,2026-02-03,
3.1657474,40.5625,22.75,2026-02-04,
3.1657474,40.5625,22.75,2026-02-05,
3.1657474,40.5625,22.75,2026-02-06,
3.1657474,40.5625,22.75,2026-02-07,
3.1657474,40.5625,22.75,2026-02-08,
3.1657474,40.5625,22.75,2026-02-09,
3.1657474,40.5625,22.791666,2026-01-10,
3.1657474,40.5625,22.791666,2026-01-11,
3.1657474,40.5625,22.791666,2026-01-12,
3.1657474,40.5625,22.791666,2026-01-13,
3.1657474,40.5625,22.791666,2026-01-14,
3.1657474,40.5625,22.791666,2026-01-15,
3.1657474,40.5625,22.791666,2026-01-16,
3.1657474,40.5625,22.791666,2026-01-17,
3.1657474,40.5625,22.791666,2026-01-18,
3.1657474,40.5625,22.791666,2026-01-19,
3.1657474,40.5625,22.791666,2026-01-20,
3.1657474,40.5625,22.791666,2026-01-21,
3.1657474,40.5625,22.791666,2026-01-22,
3.1657474,40.5625,22.791666,2026-01-23,
3.1657474,40.5625,22.791666,2026-01-24,
3.1657474,40.5625,22.791666,2026-01-25,
3.1657474,40.5625,22.791666,2026-01-26,
3.1657474,40.5625,22.791666,2026-01-27,
3.1657474,40.5625,22.791666,2026-01-28,
3.1657474,40.5625,22.791666,2026-01-29,
3.1657474,40.5625,22.791666,2026-01-30,
3.1657474,40.5625,22.791666,2026-01-31,
3.1657474,40.5625,22.791666,2026-02-01,
3.1657474,40.5625,22.791666,2026-02-02,
3.1657474,40.5625,22.791666,2026-02-03,
3.1657474,40.5625,22.791666,2026-02-04,
3.1657474,40.5625,22.791666,2026-02-05,
3.1657474,40.5625,22.791666,2026-02-06,
3.1657474,40.5625,22.791666,2026-02-07,
3.1657474,40.5625,22.791666,2026-02-08,
3.1657474,40.5625,22.791666,2026-02-09,
3.1657474,40.5625,22.833334,2026-01-10,
3.1657474,40.5625,22.833334,2026-01-11,
3.1657474,40.5625,22.833334,2026-01-12,
3.1657474,40.5625,22.833334,2026-01-13,
3.1657474,40.5625,22.833334,2026-01-14,
3.1657474,40.5625,22.833334,2026-01-15,
3.1657474,40.5625,22.833334,2026-01-16,
3.1657474,40.5625,22.833334,2026-01-17,
3.1657474,40.5625,22.833334,2026-01-18,
3.1657474,40.5625,22.833334,2026-01-19,
3.1657474,40.5625,22.833334,2026-01-20,
3.1657474,40.5625,22.833334,2026-01-21,
3.1657474,40.5625,22.833334,2026-01-22,
3.1657474,40.5625,22.833334,2026-01-23,
3.1657474,40.5625,22.833334,2026-01-24,
3.1657474,40.5625,22.833334,2026-01-25,
3.1657474,40.5625,22.833334,2026-01-26,
3.1657474,40.5625,22.833334,2026-01-27,
3.1657474,40.5625,22.833334,2026-01-28,
3.1657474,40.5625,22.833334,2026-01-29,
3.1657474,40.5625,22.833334,2026-01-30,
3.1657474,40.5625,22.833334,2026-01-31,
3.1657474,40.5625,22.833334,2026-02-01,
3.1657474,40.5625,22.833334,2026-02-02,
3.1657474,40.5625,22.833334,2026-02-03,
3.1657474,40.5625,22.833334,2026-02-04,
3.1657474,40.5625,22.833334,2026-02-05,
3.1657474,40.5625,22.833334,2026-02-06,
3.1657474,40.5625,22.833334,2026-02-07,
3.1657474,40.5625,22.833334,2026-02-08,
3.1657474,40.5625,22.833334,2026-02-09,
3.1657474,40.5625,22.875,2026-01-10,
3.1657474,40.5625,22.875,2026-01-11,
3.1657474,40.5625,22.875,2026-01-12,
3.1657474,40.5625,22.875,2026-01-13,
3.1657474,40.5625,22.875,2026-01-14,
3.1657474,40.5625,22.875,2026-01-15,
3.1657474,40.5625,22.875,2026-01-16,
3.1657474,40.5625,22.875,2026-01-17,
3.1657474,40.5625,22.875,2026-01-18,
3.1657474,40.5625,22.875,2026-01-19,
3.1657474,40.5625,22.875,2026-01-20,
3.1657474,40.5625,22.875,2026-01-21,
3.1657474,40.5625,22.875,2026-01-22,
3.1657474,40.5625,22.875,2026-01-23,
3.1657474,40.5625,22.875,2026-01-24,
3.1657474,40.5625,22.875,2026-01-25,
3.1657474,40.5625,22.875,2026-01-26,
3.1657474,40.5625,22.875,2026-01-27,
3.1657474,40.5625,22.875,2026-01-28,
3.1657474,40.5625,22.875,2026-01-29,
3.1657474,40.5625,22.875,2026-01-30,
3.1657474,40.5625,22.875,2026-01-31,
3.1657474,40.5625,22.875,2026-02-01,
3.1657474,40.5625,22.875,2026-02-02,
3.1657474,40.5625,22.875,2026-02-03,
3.1657474,40.5625,22.875,2026-02-04,
3.1657474,40.5625,22.875,2026-02-05,
3.1657474,40.5625,22.875,2026-02-06,
3.1657474,40.5625,22.875,2026-02-07,
3.1657474,40.5625,22.875,2026-02-08,
3.1657474,40.5625,22.875,2026-02-09,
3.1657474,40.5625,22.916666,2026-01-10,
3.1657474,40.5625,22.916666,2026-01-11,
3.1657474,40.5625,22.916666,2026-01-12,
3.1657474,40.5625,22.916666,2026-01-13,
3.1657474,40.5625,22.916666,2026-01-14,
3.1657474,40.5625,22.916666,2026-01-15,
3.1657474,40.5625,22.916666,2026-01-16,
3.1657474,40.5625,22.916666,2026-01-17,
3.1657474,40.5625,22.916666,2026-01-18,
3.1657474,40.5625,22.916666,2026-01-19,
3.1657474,40.5625,22.916666,2026-01-20,
3.1657474,40.5625,22.916666,2026-01-21,
3.1657474,40.5625,22.916666,2026-01-22,
3.1657474,40.5625,22.916666,2026-01-23,
3.1657474,40.5625,22.916666,2026-01-24,
3.1657474,40.5625,22.916666,2026-01-25,
3.1657474,40.5625,22.916666,2026-01-26,
3.1657474,40.5625,22.916666,2026-01-27,
3.1657474,40.5625,22.916666,2026-01-28,
3.1657474,40.5625,22.916666,2026-01-29,
3.1657474,40.5625,22.916666,2026-01-30,
3.1657474,40.5625,22.916666,2026-01-31,
3.1657474,40.5625,22.916666,2026-02-01,
3.1657474,40.5625,22.916666,2026-02-02,
3.1657474,40.5625,22.916666,2026-02-03,
3.1657474,40.5625,22.916666,2026-02-04,
3.1657474,40.5625,22.916666,2026-02-05,
3.1657474,40.5625,22.916666,2026-02-06,
3.1657474,40.5625,22.916666,2026-02-07,
3.1657474,40.5625,22.916666,2026-02-08,
3.1657474,40.5625,22.916666,2026-02-09,
3.1657474,40.5625,22.958334,2026-01-10,
3.1657474,40.5625,22.958334,2026-01-11,
3.1657474,40.5625,22.958334,2026-01-12,
3.1657474,40.5625,22.958334,2026-01-13,
3.1657474,40.5625,22.958334,2026-01-14,
3.1657474,40.5625,22.958334,2026-01-15,
3.1657474,40.5625,22.958334,2026-01-16,
3.1657474,40.5625,22.958334,2026-01-17,
3.1657474,40.5625,22.958334,2026-01-18,
3.1657474,40.5625,22.958334,2026-01-19,
3.1657474,40.5625,22.958334,2026-01-20,
3.1657474,40.5625,22.958334,2026-01-21,
3.1657474,40.5625,22.958334,2026-01-22,
3.1657474,40.5625,22.958334,2026-01-23,
3.1657474,40.5625,22.958334,2026-01-24,
3.1657474,40.5625,22.958334,2026-01-25,
3.1657474,40.5625,22.958334,2026-01-26,
3.1657474,40.5625,22.958334,2026-01-27,
3.1657474,40.5625,22.958334,2026-01-28,
3.1657474,40.5625,22.958334,2026-01-29,
3.1657474,40.5625,22.958334,2026-01-30,
3.1657474,40.5625,22.958334,2026-01-31,
3.1657474,40.5625,22.958334,2026-02-01,
3.1657474,40.5625,22.958334,2026-02-02,
3.1657474,40.5625,22.958334,2026-02-03,
3.1657474,40.5625,22.958334,2026-02-04,
3.1657474,40.5625,22.958334,2026-02-05,
3.1657474,40.5625,22.958334,2026-02-06,
3.1657474,40.5625,22.958334,2026-02-07,
3.1657474,40.5625,22.958334,2026-02-08,
3.1657474,40.5625,22.958334,2026-02-09,
3.1657474,40.5625,23.0,2026-01-10,
3.1657474,40.5625,23.0,2026-01-11,
3.1657474,40.5625,23.0,2026-01-12,
3.1657474,40.5625,23.0,2026-01-13,
3.1657474,40.5625,23.0,2026-01-14,
3.1657474,40.5625,23.0,2026-01-15,
3.1657474,40.5625,23.0,2026-01-16,
3.1657474,40.5625,23.0,2026-01-17,
3.1657474,40.5625,23.0,2026-01-18,
3.1657474,40.5625,23.0,2026-01-19,
3.1657474,40.5625,23.0,2026-01-20,
3.1657474,40.5625,23.0,2026-01-21,
3.1657474,40.5625,23.0,2026-01-22,
3.1657474,40.5625,23.0,2026-01-23,
3.1657474,40.5625,23.0,2026-01-24,
3.1657474,40.5625,23.0,2026-01-25,
3.1657474,40.5625,23.0,2026-01-26,
3.1657474,40.5625,23.0,2026-01-27,
3.1657474,40.5625,23.0,2026-01-28,
3.1657474,40.5625,23.0,2026-01-29,
3.1657474,40.5625,23.0,2026-01-30,
3.1657474,40.5625,23.0,2026-01-31,
3.1657474,40.5625,23.0,2026-02-01,
3.1657474,40.5625,23.0,2026-02-02,
3.1657474,40.5625,23.0,2026-02-03,
3.1657474,40.5625,23.0,2026-02-04,
3.1657474,40.5625,23.0,2026-02-05,
3.1657474,40.5625,23.0,2026-02-06,
3.1657474,40.5625,23.0,2026-02-07,
3.1657474,40.5625,23.0,2026-02-08,
3.1657474,40.5625,23.0,2026-02-09,
3.1657474,40.604168,22.5,2026-01-10,
3.1657474,40.604168,22.5,2026-01-11,
3.1657474,40.604168,22.5,2026-01-12,
3.1657474,40.604168,22.5,2026-01-13,
3.1657474,40.604168,22.5,2026-01-14,
3.1657474,40.604168,22.5,2026-01-15,
3.1657474,40.604168,22.5,2026-01-16,
3.1657474,40.604168,22.5,2026-01-17,
3.1657474,40.604168,22.5,2026-01-18,
3.1657474,40.604168,22.5,2026-01-19,
3.1657474,40.604168,22.5,2026-01-20,
3.1657474,40.604168,22.5,2026-01-21,
3.1657474,40.604168,22.5,2026-01-22,
3.1657474,40.604168,22.5,2026-01-23,
3.1657474,40.604168,22.5,2026-01-24,
3.1657474,40.604168,22.5,2026-01-25,
3.1657474,40.604168,22.5,2026-01-26,
3.1657474,40.604168,22.5,2026-01-27,
3.1657474,40.604168,22.5,2026-01-28,
3.1657474,40.604168,22.5,2026-01-29,
3.1657474,40.604168,22.5,2026-01-30,
3.1657474,40.604168,22.5,2026-01-31,
3.1657474,40.604168,22.5,2026-02-01,
3.1657474,40.604168,22.5,2026-02-02,
3.1657474,40.604168,22.5,2026-02-03,
3.1657474,40.604168,22.5,2026-02-04,
3.1657474,40.604168,22.5,2026-02-05,
3.1657474,40.604168,22.5,2026-02-06,
3.1657474,40.604168,22.5,2026-02-07,
3.1657474,40.604168,22.5,2026-02-08,
3.1657474,40.604168,22.5,2026-02-09,
3.1657474,40.604168,22.541666,2026-01-10,
3.1657474,40.604168,22.541666,2026-01-11,
3.1657474,40.604168,22.541666,2026-01-12,
3.1657474,40.604168,22.541666,2026-01-13,
3.1657474,40.604168,22.541666,2026-01-14,
3.1657474,40.604168,22.541666,2026-01-15,
3.1657474,40.604168,22.541666,2026-01-16,
3.1657474,40.604168,22.541666,2026-01-17,
3.1657474,40.604168,22.541666,2026-01-18,
3.1657474,40.604168,22.541666,2026-01-19,
3.1657474,40.604168,22.541666,2026-01-20,
3.1657474,40.604168,22.541666,2026-01-21,
3.1657474,40.604168,22.541666,2026-01-22,
3.1657474,40.604168,22.541666,2026-01-23,
3.1657474,40.604168,22.541666,2026-01-24,
3.1657474,40.604168,22.541666,2026-01-25,
3.1657474,40.604168,22.541666,2026-01-26,
3.1657474,40.604168,22.541666,2026-01-27,
3.1657474,40.604168,22.541666,2026-01-28,
3.1657474,40.604168,22.541666,2026-01-29,
3.1657474,40.604168,22.541666,2026-01-30,
3.1657474,40.604168,22.541666,2026-01-31,
3.1657474,40.604168,22.541666,2026-02-01,
3.1657474,40.604168,22.541666,2026-02-02,
3.1657474,40.604168,22.541666,2026-02-03,
3.1657474,40.604168,22.541666,2026-02-04,
3.1657474,40.604168,22.541666,2026-02-05,
3.1657474,40.604168,22.541666,2026-02-06,
3.1657474,40.604168,22.541666,2026-02-07,
3.1657474,40.604168,22.541666,2026-02-08,
3.1657474,40.604168,22.541666,2026-02-09,
3.1657474,40.604168,22.583334,2026-01-10,
3.1657474,40.604168,22.583334,2026-01-11,
3.1657474,40.604168,22.583334,2026-01-12,
3.1657474,40.604168,22.583334,2026-01-13,
3.1657474,40.604168,22.583334,2026-01-14,
3.1657474,40.604168,22.583334,2026-01-15,
3.1657474,40.604168,22.583334,2026-01-16,
3.1657474,40.604168,22.583334,2026-01-17,
3.1657474,40.604168,22.583334,2026-01-18,
3.1657474,40.604168,22.583334,2026-01-19,
3.1657474,40.604168,22.583334,2026-01-20,
3.1657474,40.604168,22.583334,2026-01-21,
3.1657474,40.604168,22.583334,2026-01-22,
3.1657474,40.604168,22.583334,2026-01-23,
3.1657474,40.604168,22.583334,2026-01-24,
3.1657474,40.604168,22.583334,2026-01-25,
3.1657474,40.604168,22.583334,2026-01-26,
3.1657474,40.604168,22.583334,2026-01-27,
3.1657474,40.604168,22.583334,2026-01-28,
3.1657474,40.604168,22.583334,2026-01-29,
3.1657474,40.604168,22.583334,2026-01-30,
3.1657474,40.604168,22.583334,2026-01-31,
3.1657474,40.604168,22.583334,2026-02-01,
3.1657474,40.604168,22.583334,2026-02-02,
3.1657474,40.604168,22.583334,2026-02-03,
3.1657474,40.604168,22.583334,2026-02-04,
3.1657474,40.604168,22.583334,2026-02-05,
3.1657474,40.604168,22.583334,2026-02-06,
3.1657474,40.604168,22.583334,2026-02-07,
3.1657474,40.604168,22.583334,2026-02-08,
3.1657474,40.604168,22.583334,2026-02-09,
3.1657474,40.604168,22.625,2026-01-10,
3.1657474,40.604168,22.625,2026-01-11,
3.1657474,40.604168,22.625,2026-01-12,
3.1657474,40.604168,22.625,2026-01-13,
3.1657474,40.604168,22.625,2026-01-14,
3.1657474,40.604168,22.625,2026-01-15,
3.1657474,40.604168,22.625,2026-01-16,
3.1657474,40.604168,22.625,2026-01-17,
3.1657474,40.604168,22.625,2026-01-18,
3.1657474,40.604168,22.625,2026-01-19,
3.1657474,40.604168,22.625,2026-01-20,
3.1657474,40.604168,22.625,2026-01-21,
3.1657474,40.604168,22.625,2026-01-22,
3.1657474,40.604168,22.625,2026-01-23,
3.1657474,40.604168,22.625,2026-01-24,
3.1657474,40.604168,22.625,2026-01-25,
3.1657474,40.604168,22.625,2026-01-26,
3.1657474,40.604168,22.625,2026-01-27,
3.1657474,40.604168,22.625,2026-01-28,
3.1657474,40.604168,22.625,2026-01-29,
3.1657474,40.604168,22.625,2026-01-30,
3.1657474,40.604168,22.625,2026-01-31,
3.1657474,40.604168,22.625,2026-02-01,
3.1657474,40.604168,22.625,2026-02-02,
3.1657474,40.604168,22.625,2026-02-03,
3.1657474,40.604168,22.625,2026-02-04,
3.1657474,40.604168,22.625,2026-02-05,
3.1657474,40.604168,22.625,2026-02-06,
3.1657474,40.604168,22.625,2026-02-07,
3.1657474,40.604168,22.625,2026-02-08,
3.1657474,40.604168,22.625,2026-02-09,
3.1657474,40.604168,22.666666,2026-01-10,
3.1657474,40.604168,22.666666,2026-01-11,
3.1657474,40.604168,22.666666,2026-01-12,
3.1657474,40.604168,22.666666,2026-01-13,
3.1657474,40.604168,22.666666,2026-01-14,
3.1657474,40.604168,22.666666,2026-01-15,
3.1657474,40.604168,22.666666,2026-01-16,
3.1657474,40.604168,22.666666,2026-01-17,
3.1657474,40.604168,22.666666,2026-01-18,
3.1657474,40.604168,22.666666,2026-01-19,
3.1657474,40.604168,22.666666,2026-01-20,
3.1657474,40.604168,22.666666,2026-01-21,
3.1657474,40.604168,22.666666,2026-01-22,
3.1657474,40.604168,22.666666,2026-01-23,
3.1657474,40.604168,22.666666,2026-01-24,
3.1657474,40.604168,22.666666,2026-01-25,
3.1657474,40.604168,22.666666,2026-01-26,
3.1657474,40.604168,22.666666,2026-01-27,
3.1657474,40.604168,22.666666,2026-01-28,
3.1657474,40.604168,22.666666,2026-01-29,
3.1657474,40.604168,22.666666,2026-01-30,
3.1657474,40.604168,22.666666,2026-01-31,
3.1657474,40.604168,22.666666,2026-02-01,
3.1657474,40.604168,22.666666,2026-02-02,
3.1657474,40.604168,22.666666,2026-02-03,
3.1657474,40.604168,22.666666,2026-02-04,
3.1657474,40.604168,22.666666,2026-02-05,
3.1657474,40.604168,22.666666,2026-02-06,
3.1657474,40.604168,22.666666,2026-02-07,
3.1657474,40.604168,22.666666,2026-02-08,
3.1657474,40.604168,22.666666,2026-02-09,
3.1657474,40.604168,22.708334,2026-01-10,
3.1657474,40.604168,22.708334,2026-01-11,
3.1657474,40.604168,22.708334,2026-01-12,
3.1657474,40.604168,22.708334,2026-01-13,
3.1657474,40.604168,22.708334,2026-01-14,
3.1657474,40.604168,22.708334,2026-01-15,
3.1657474,40.604168,22.708334,2026-01-16,
3.1657474,40.604168,22.708334,2026-01-17,
3.1657474,40.604168,22.708334,2026-01-18,
3.1657474,40.604168,22.708334,2026-01-19,
3.1657474,40.604168,22.708334,2026-01-20,
3.1657474,40.604168,22.708334,2026-01-21,
3.1657474,40.604168,22.708334,2026-01-22,
3.1657474,40.604168,22.708334,2026-01-23,
3.1657474,40.604168,22.708334,2026-01-24,
3.1657474,40.604168,22.708334,2026-01-25,
3.1657474,40.604168,22.708334,2026-01-26,
3.1657474,40.604168,22.708334,2026-01-27,
3.1657474,40.604168,22.708334,2026-01-28,
3.1657474,40.604168,22.708334,2026-01-29,
3.1657474,40.604168,22.708334,2026-01-30,
3.1657474,40.604168,22.708334,2026-01-31,
3.1657474,40.604168,22.708334,2026-02-01,
3.1657474,40.604168,22.708334,2026-02-02,
3.1657474,40.604168,22.708334,2026-02-03,
3.1657474,40.604168,22.708334,2026-02-04,
3.1657474,40.604168,22.708334,2026-02-05,
3.1657474,40.604168,22.708334,2026-02-06,
3.1657474,40.604168,22.708334,2026-02-07,
3.1657474,40.604168,22.708334,2026-02-08,
3.1657474,40.604168,22.708334,2026-02-09,
3.1657474,40.604168,22.75,2026-01-10,
3.1657474,40.604168,22.75,2026-01-11,
3.1657474,40.604168,22.75,2026-01-12,
3.1657474,40.604168,22.75,2026-01-13,
3.1657474,40.604168,22.75,2026-01-14,
3.1657474,40.604168,22.75,2026-01-15,
3.1657474,40.604168,22.75,2026-01-16,
3.1657474,40.604168,22.75,2026-01-17,
3.1657474,40.604168,22.75,2026-01-18,
3.1657474,40.604168,22.75,2026-01-19,
3.1657474,40.604168,22.75,2026-01-20,
3.1657474,40.604168,22.75,2026-01-21,
3.1657474,40.604168,22.75,2026-01-22,
3.1657474,40.604168,22.75,2026-01-23,
3.1657474,40.604168,22.75,2026-01-24,
3.1657474,40.604168,22.75,2026-01-25,
3.1657474,40.604168,22.75,2026-01-26,
3.1657474,40.604168,22.75,2026-01-27,
3.1657474,40.604168,22.75,2026-01-28,
3.1657474,40.604168,22.75,2026-01-29,
3.1657474,40.604168,22.75,2026-01-30,
3.1657474,40.604168,22.75,2026-01-31,
3.1657474,40.604168,22.75,2026-02-01,
3.1657474,40.604168,22.75,2026-02-02,
3.1657474,40.604168,22.75,2026-02-03,
3.1657474,40.604168,22.75,2026-02-04,
3.1657474,40.604168,22.75,2026-02-05,
3.1657474,40.604168,22.75,2026-02-06,
3.1657474,40.604168,22.75,2026-02-07,
3.1657474,40.604168,22.75,2026-02-08,
3.1657474,40.604168,22.75,2026-02-09,
3.1657474,40.604168,22.791666,2026-01-10,
3.1657474,40.604168,22.791666,2026-01-11,
3.1657474,40.604168,22.791666,2026-01-12,
3.1657474,40.604168,22.791666,2026-01-13,
3.1657474,40.604168,22.791666,2026-01-14,
3.1657474,40.604168,22.791666,2026-01-15,
3.1657474,40.604168,22.791666,2026-01-16,
3.1657474,40.604168,22.791666,2026-01-17,
3.1657474,40.604168,22.791666,2026-01-18,
3.1657474,40.604168,22.791666,2026-01-19,
3.1657474,40.604168,22.791666,2026-01-20,
3.1657474,40.604168,22.791666,2026-01-21,
3.1657474,40.604168,22.791666,2026-01-22,
3.1657474,40.604168,22.791666,2026-01-23,
3.1657474,40.604168,22.791666,2026-01-24,
3.1657474,40.604168,22.791666,2026-01-25,
3.1657474,40.604168,22.791666,2026-01-26,
3.1657474,40.604168,22.791666,2026-01-27,
3.1657474,40.604168,22.791666,2026-01-28,
3.1657474,40.604168,22.791666,2026-01-29,
3.1657474,40.604168,22.791666,2026-01-30,
3.1657474,40.604168,22.791666,2026-01-31,
3.1657474,40.604168,22.791666,2026-02-01,
3.1657474,40.604168,22.791666,2026-02-02,
3.1657474,40.604168,22.791666,2026-02-03,
3.1657474,40.604168,22.791666,2026-02-04,
3.1657474,40.604168,22.791666,2026-02-05,
3.1657474,40.604168,22.791666,2026-02-06,
3.1657474,40.604168,22.791666,2026-02-07,
3.1657474,40.604168,22.791666,2026-02-08,
3.1657474,40.604168,22.791666,2026-02-09,
3.1657474,40.604168,22.833334,2026-01-10,
3.1657474,40.604168,22.833334,2026-01-11,
3.1657474,40.604168,22.833334,2026-01-12,
3.1657474,40.604168,22.833334,2026-01-13,
3.1657474,40.604168,22.833334,2026-01-14,
3.1657474,40.604168,22.833334,2026-01-15,
3.1657474,40.604168,22.833334,2026-01-16,
3.1657474,40.604168,22.833334,2026-01-17,
3.1657474,40.604168,22.833334,2026-01-18,
3.1657474,40.604168,22.833334,2026-01-19,
3.1657474,40.604168,22.833334,2026-01-20,
3.1657474,40.604168,22.833334,2026-01-21,
3.1657474,40.604168,22.833334,2026-01-22,
3.1657474,40.604168,22.833334,2026-01-23,
3.1657474,40.604168,22.833334,2026-01-24,
3.1657474,40.604168,22.833334,2026-01-25,
3.1657474,40.604168,22.833334,2026-01-26,
3.1657474,40.604168,22.833334,2026-01-27,
3.1657474,40.604168,22.833334,2026-01-28,
3.1657474,40.604168,22.833334,2026-01-29,
3.1657474,40.604168,22.833334,2026-01-30,
3.1657474,40.604168,22.833334,2026-01-31,
3.1657474,40.604168,22.833334,2026-02-01,
3.1657474,40.604168,22.833334,2026-02-02,
3.1657474,40.604168,22.833334,2026-02-03,
3.1657474,40.604168,22.833334,2026-02-04,
3.1657474,40.604168,22.833334,2026-02-05,
3.1657474,40.604168,22.833334,2026-02-06,
3.1657474,40.604168,22.833334,2026-02-07,
3.1657474,40.604168,22.833334,2026-02-08,
3.1657474,40.604168,22.833334,2026-02-09,
3.1657474,40.604168,22.875,2026-01-10,
3.1657474,40.604168,22.875,2026-01-11,
3.1657474,40.604168,22.875,2026-01-12,
3.1657474,40.604168,22.875,2026-01-13,
3.1657474,40.604168,22.875,2026-01-14,
3.1657474,40.604168,22.875,2026-01-15,
3.1657474,40.604168,22.875,2026-01-16,
3.1657474,40.604168,22.875,2026-01-17,
3.1657474,40.604168,22.875,2026-01-18,
3.1657474,40.604168,22.875,2026-01-19,
3.1657474,40.604168,22.875,2026-01-20,
3.1657474,40.604168,22.875,2026-01-21,
3.1657474,40.604168,22.875,2026-01-22,
3.1657474,40.604168,22.875,2026-01-23,
3.1657474,40.604168,22.875,2026-01-24,
3.1657474,40.604168,22.875,2026-01-25,
3.1657474,40.604168,22.875,2026-01-26,
3.1657474,40.604168,22.875,2026-01-27,
3.1657474,40.604168,22.875,2026-01-28,
3.1657474,40.604168,22.875,2026-01-29,
3.1657474,40.604168,22.875,2026-01-30,
3.1657474,40.604168,22.875,2026-01-31,
3.1657474,40.604168,22.875,2026-02-01,
3.1657474,40.604168,22.875,2026-02-02,
3.1657474,40.604168,22.875,2026-02-03,
3.1657474,40.604168,22.875,2026-02-04,
3.1657474,40.604168,22.875,2026-02-05,
3.1657474,40.604168,22.875,2026-02-06,
3.1657474,40.604168,22.875,2026-02-07,
3.1657474,40.604168,22.875,2026-02-08,
3.1657474,40.604168,22.875,2026-02-09,
3.1657474,40.604168,22.916666,2026-01-10,
3.1657474,40.604168,22.916666,2026-01-11,
3.1657474,40.604168,22.916666,2026-01-12,
3.1657474,40.604168,22.916666,2026-01-13,
3.1657474,40.604168,22.916666,2026-01-14,
3.1657474,40.604168,22.916666,2026-01-15,
3.1657474,40.604168,22.916666,2026-01-16,
3.1657474,40.604168,22.916666,2026-01-17,
3.1657474,40.604168,22.916666,2026-01-18,
3.1657474,40.604168,22.916666,2026-01-19,
3.1657474,40.604168,22.916666,2026-01-20,
3.1657474,40.604168,22.916666,2026-01-21,
3.1657474,40.604168,22.916666,2026-01-22,
3.1657474,40.604168,22.916666,2026-01-23,
3.1657474,40.604168,22.916666,2026-01-24,
3.1657474,40.604168,22.916666,2026-01-25,
3.1657474,40.604168,22.916666,2026-01-26,
3.1657474,40.604168,22.916666,2026-01-27,
3.1657474,40.604168,22.916666,2026-01-28,
3.1657474,40.604168,22.916666,2026-01-29,
3.1657474,40.604168,22.916666,2026-01-30,
3.1657474,40.604168,22.916666,2026-01-31,
3.1657474,40.604168,22.916666,2026-02-01,
3.1657474,40.604168,22.916666,2026-02-02,
3.1657474,40.604168,22.916666,2026-02-03,
3.1657474,40.604168,22.916666,2026-02-04,
3.1657474,40.604168,22.916666,2026-02-05,
3.1657474,40.604168,22.916666,2026-02-06,
3.1657474,40.604168,22.916666,2026-02-07,
3.1657474,40.604168,22.916666,2026-02-08,
3.1657474,40.604168,22.916666,2026-02-09,
3.1657474,40.604168,22.958334,2026-01-10,
3.1657474,40.604168,22.958334,2026-01-11,
3.1657474,40.604168,22.958334,2026-01-12,
3.1657474,40.604168,22.958334,2026-01-13,
3.1657474,40.604168,22.958334,2026-01-14,
3.1657474,40.604168,22.958334,2026-01-15,
3.1657474,40.604168,22.958334,2026-01-16,
3.1657474,40.604168,22.958334,2026-01-17,
3.1657474,40.604168,22.958334,2026-01-18,
3.1657474,40.604168,22.958334,2026-01-19,
3.1657474,40.604168,22.958334,2026-01-20,
3.1657474,40.604168,22.958334,2026-01-21,
3.1657474,40.604168,22.958334,2026-01-22,
3.1657474,40.604168,22.958334,2026-01-23,
3.1657474,40.604168,22.958334,2026-01-24,
3.1657474,40.604168,22.958334,2026-01-25,
3.1657474,40.604168,22.958334,2026-01-26,
3.1657474,40.604168,22.958334,2026-01-27,
3.1657474,40.604168,22.958334,2026-01-28,
3.1657474,40.604168,22.958334,2026-01-29,
3.1657474,40.604168,22.958334,2026-01-30,
3.1657474,40.604168,22.958334,2026-01-31,
3.1657474,40.604168,22.958334,2026-02-01,
3.1657474,40.604168,22.958334,2026-02-02,
3.1657474,40.604168,22.958334,2026-02-03,
3.1657474,40.604168,22.958334,2026-02-04,
3.1657474,40.604168,22.958334,2026-02-05,
3.1657474,40.604168,22.958334,2026-02-06,
3.1657474,40.604168,22.958334,2026-02-07,
3.1657474,40.604168,22.958334,2026-02-08,
3.1657474,40.604168,22.958334,2026-02-09,
3.1657474,40.604168,23.0,2026-01-10,
3.1657474,40.604168,23.0,2026-01-11,
3.1657474,40.604168,23.0,2026-01-12,
3.1657474,40.604168,23.0,2026-01-13,
3.1657474,40.604168,23.0,2026-01-14,
3.1657474,40.604168,23.0,2026-01-15,
3.1657474,40.604168,23.0,2026-01-16,
3.1657474,40.604168,23.0,2026-01-17,
3.1657474,40.604168,23.0,2026-01-18,
3.1657474,40.604168,23.0,2026-01-19,
3.1657474,40.604168,23.0,2026-01-20,
3.1657474,40.604168,23.0,2026-01-21,
3.1657474,40.604168,23.0,2026-01-22,
3.1657474,40.604168,23.0,2026-01-23,
3.1657474,40.604168,23.0,2026-01-24,
3.1657474,40.604168,23.0,2026-01-25,
3.1657474,40.604168,23.0,2026-01-26,
3.1657474,40.604168,23.0,2026-01-27,
3.1657474,40.604168,23.0,2026-01-28,
3.1657474,40.604168,23.0,2026-01-29,
3.1657474,40.604168,23.0,2026-01-30,
3.1657474,40.604168,23.0,2026-01-31,
3.1657474,40.604168,23.0,2026-02-01,
3.1657474,40.604168,23.0,2026-02-02,
3.1657474,40.604168,23.0,2026-02-03,
3.1657474,40.604168,23.0,2026-02-04,
3.1657474,40.604168,23.0,2026-02-05,
3.1657474,40.604168,23.0,2026-02-06,
3.1657474,40.604168,23.0,2026-02-07,
3.1657474,40.604168,23.0,2026-02-08,
3.1657474,40.604168,23.0,2026-02-09,
3.1657474,40.645832,22.5,2026-01-10,
3.1657474,40.645832,22.5,2026-01-11,
3.1657474,40.645832,22.5,2026-01-12,
3.1657474,40.645832,22.5,2026-01-13,
3.1657474,40.645832,22.5,2026-01-14,
3.1657474,40.645832,22.5,2026-01-15,
3.1657474,40.645832,22.5,2026-01-16,
3.1657474,40.645832,22.5,2026-01-17,
3.1657474,40.645832,22.5,2026-01-18,
3.1657474,40.645832,22.5,2026-01-19,
3.1657474,40.645832,22.5,2026-01-20,
3.1657474,40.645832,22.5,2026-01-21,
3.1657474,40.645832,22.5,2026-01-22,
3.1657474,40.645832,22.5,2026-01-23,
3.1657474,40.645832,22.5,2026-01-24,
3.1657474,40.645832,22.5,2026-01-25,
3.1657474,40.645832,22.5,2026-01-26,
3.1657474,40.645832,22.5,2026-01-27,
3.1657474,40.645832,22.5,2026-01-28,
3.1657474,40.645832,22.5,2026-01-29,
3.1657474,40.645832,22.5,2026-01-30,
3.1657474,40.645832,22.5,2026-01-31,
3.1657474,40.645832,22.5,2026-02-01,
3.1657474,40.645832,22.5,2026-02-02,
3.1657474,40.645832,22.5,2026-02-03,
3.1657474,40.645832,22.5,2026-02-04,
3.1657474,40.645832,22.5,2026-02-05,
3.1657474,40.645832,22.5,2026-02-06,
3.1657474,40.645832,22.5,2026-02-07,
3.1657474,40.645832,22.5,2026-02-08,
3.1657474,40.645832,22.5,2026-02-09,
3.1657474,40.645832,22.541666,2026-01-10,
3.1657474,40.645832,22.541666,2026-01-11,
3.1657474,40.645832,22.541666,2026-01-12,
3.1657474,40.645832,22.541666,2026-01-13,
3.1657474,40.645832,22.541666,2026-01-14,
3.1657474,40.645832,22.541666,2026-01-15,
3.1657474,40.645832,22.541666,2026-01-16,
3.1657474,40.645832,22.541666,2026-01-17,
3.1657474,40.645832,22.541666,2026-01-18,
3.1657474,40.645832,22.541666,2026-01-19,
3.1657474,40.645832,22.541666,2026-01-20,
3.1657474,40.645832,22.541666,2026-01-21,
3.1657474,40.645832,22.541666,2026-01-22,
3.1657474,40.645832,22.541666,2026-01-23,
3.1657474,40.645832,22.541666,2026-01-24,
3.1657474,40.645832,22.541666,2026-01-25,
3.1657474,40.645832,22.541666,2026-01-26,
3.1657474,40.645832,22.541666,2026-01-27,
3.1657474,40.645832,22.541666,2026-01-28,
3.1657474,40.645832,22.541666,2026-01-29,
3.1657474,40.645832,22.541666,2026-01-30,
3.1657474,40.645832,22.541666,2026-01-31,
3.1657474,40.645832,22.541666,2026-02-01,
3.1657474,40.645832,22.541666,2026-02-02,
3.1657474,40.645832,22.541666,2026-02-03,
3.1657474,40.645832,22.541666,2026-02-04,
3.1657474,40.645832,22.541666,2026-02-05,
3.1657474,40.645832,22.541666,2026-02-06,
3.1657474,40.645832,22.541666,2026-02-07,
3.1657474,40.645832,22.541666,2026-02-08,
3.1657474,40.645832,22.541666,2026-02-09,
3.1657474,40.645832,22.583334,2026-01-10,
3.1657474,40.645832,22.583334,2026-01-11,
3.1657474,40.645832,22.583334,2026-01-12,
3.1657474,40.645832,22.583334,2026-01-13,
3.1657474,40.645832,22.583334,2026-01-14,
3.1657474,40.645832,22.583334,2026-01-15,
3.1657474,40.645832,22.583334,2026-01-16,
3.1657474,40.645832,22.583334,2026-01-17,
3.1657474,40.645832,22.583334,2026-01-18,
3.1657474,40.645832,22.583334,2026-01-19,
3.1657474,40.645832,22.583334,2026-01-20,
3.1657474,40.645832,22.583334,2026-01-21,
3.1657474,40.645832,22.583334,2026-01-22,
3.1657474,40.645832,22.583334,2026-01-23,
3.1657474,40.645832,22.583334,2026-01-24,
3.1657474,40.645832,22.583334,2026-01-25,
3.1657474,40.645832,22.583334,2026-01-26,
3.1657474,40.645832,22.583334,2026-01-27,
3.1657474,40.645832,22.583334,2026-01-28,
3.1657474,40.645832,22.583334,2026-01-29,
3.1657474,40.645832,22.583334,2026-01-30,
3.1657474,40.645832,22.583334,2026-01-31,
3.1657474,40.645832,22.583334,2026-02-01,
3.1657474,40.645832,22.583334,2026-02-02,
3.1657474,40.645832,22.583334,2026-02-03,
3.1657474,40.645832,22.583334,2026-02-04,
3.1657474,40.645832,22.583334,2026-02-05,
3.1657474,40.645832,22.583334,2026-02-06,
3.1657474,40.645832,22.583334,2026-02-07,
3.1657474,40.645832,22.583334,2026-02-08,
3.1657474,40.645832,22.583334,2026-02-09,
3.1657474,40.645832,22.625,2026-01-10,
3.1657474,40.645832,22.625,2026-01-11,
3.1657474,40.645832,22.625,2026-01-12,
3.1657474,40.645832,22.625,2026-01-13,
3.1657474,40.645832,22.625,2026-01-14,
3.1657474,40.645832,22.625,2026-01-15,
3.1657474,40.645832,22.625,2026-01-16,
3.1657474,40.645832,22.625,2026-01-17,
3.1657474,40.645832,22.625,2026-01-18,
3.1657474,40.645832,22.625,2026-01-19,
3.1657474,40.645832,22.625,2026-01-20,
3.1657474,40.645832,22.625,2026-01-21,
3.1657474,40.645832,22.625,2026-01-22,
3.1657474,40.645832,22.625,2026-01-23,
3.1657474,40.645832,22.625,2026-01-24,
3.1657474,40.645832,22.625,2026-01-25,
3.1657474,40.645832,22.625,2026-01-26,
3.1657474,40.645832,22.625,2026-01-27,
3.1657474,40.645832,22.625,2026-01-28,
3.1657474,40.645832,22.625,2026-01-29,
3.1657474,40.645832,22.625,2026-01-30,
3.1657474,40.645832,22.625,2026-01-31,
3.1657474,40.645832,22.625,2026-02-01,
3.1657474,40.645832,22.625,2026-02-02,
3.1657474,40.645832,22.625,2026-02-03,
3.1657474,40.645832,22.625,2026-02-04,
3.1657474,40.645832,22.625,2026-02-05,
3.1657474,40.645832,22.625,2026-02-06,
3.1657474,40.645832,22.625,2026-02-07,
3.1657474,40.645832,22.625,2026-02-08,
3.1657474,40.645832,22.625,2026-02-09,
3.1657474,40.645832,22.666666,2026-01-10,
3.1657474,40.645832,22.666666,2026-01-11,
3.1657474,40.645832,22.666666,2026-01-12,
3.1657474,40.645832,22.666666,2026-01-13,
3.1657474,40.645832,22.666666,2026-01-14,
3.1657474,40.645832,22.666666,2026-01-15,
3.1657474,40.645832,22.666666,2026-01-16,
3.1657474,40.645832,22.666666,2026-01-17,
3.1657474,40.645832,22.666666,2026-01-18,
3.1657474,40.645832,22.666666,2026-01-19,
3.1657474,40.645832,22.666666,2026-01-20,
3.1657474,40.645832,22.666666,2026-01-21,
3.1657474,40.645832,22.666666,2026-01-22,
3.1657474,40.645832,22.666666,2026-01-23,
3.1657474,40.645832,22.666666,2026-01-24,
3.1657474,40.645832,22.666666,2026-01-25,
3.1657474,40.645832,22.666666,2026-01-26,
3.1657474,40.645832,22.666666,2026-01-27,
3.1657474,40.645832,22.666666,2026-01-28,
3.1657474,40.645832,22.666666,2026-01-29,
3.1657474,40.645832,22.666666,2026-01-30,
3.1657474,40.645832,22.666666,2026-01-31,
3.1657474,40.645832,22.666666,2026-02-01,
3.1657474,40.645832,22.666666,2026-02-02,
3.1657474,40.645832,22.666666,2026-02-03,
3.1657474,40.645832,22.666666,2026-02-04,
3.1657474,40.645832,22.666666,2026-02-05,
3.1657474,40.645832,22.666666,2026-02-06,
3.1657474,40.645832,22.666666,2026-02-07,
3.1657474,40.645832,22.666666,2026-02-08,
3.1657474,40.645832,22.666666,2026-02-09,
3.1657474,40.645832,22.708334,2026-01-10,
3.1657474,40.645832,22.708334,2026-01-11,
3.1657474,40.645832,22.708334,2026-01-12,
3.1657474,40.645832,22.708334,2026-01-13,
3.1657474,40.645832,22.708334,2026-01-14,
3.1657474,40.645832,22.708334,2026-01-15,
3.1657474,40.645832,22.708334,2026-01-16,
3.1657474,40.645832,22.708334,2026-01-17,
3.1657474,40.645832,22.708334,2026-01-18,
3.1657474,40.645832,22.708334,2026-01-19,
3.1657474,40.645832,22.708334,2026-01-20,
3.1657474,40.645832,22.708334,2026-01-21,
3.1657474,40.645832,22.708334,2026-01-22,
3.1657474,40.645832,22.708334,2026-01-23,
3.1657474,40.645832,22.708334,2026-01-24,
3.1657474,40.645832,22.708334,2026-01-25,
3.1657474,40.645832,22.708334,2026-01-26,
3.1657474,40.645832,22.708334,2026-01-27,
3.1657474,40.645832,22.708334,2026-01-28,
3.1657474,40.645832,22.708334,2026-01-29,
3.1657474,40.645832,22.708334,2026-01-30,
3.1657474,40.645832,22.708334,2026-01-31,
3.1657474,40.645832,22.708334,2026-02-01,
3.1657474,40.645832,22.708334,2026-02-02,
3.1657474,40.645832,22.708334,2026-02-03,
3.1657474,40.645832,22.708334,2026-02-04,
3.1657474,40.645832,22.708334,2026-02-05,
3.1657474,40.645832,22.708334,2026-02-06,
3.1657474,40.645832,22.708334,2026-02-07,
3.1657474,40.645832,22.708334,2026-02-08,
3.1657474,40.645832,22.708334,2026-02-09,
3.1657474,40.645832,22.75,2026-01-10,
3.1657474,40.645832,22.75,2026-01-11,
3.1657474,40.645832,22.75,2026-01-12,
3.1657474,40.645832,22.75,2026-01-13,
3.1657474,40.645832,22.75,2026-01-14,
3.1657474,40.645832,22.75,2026-01-15,
3.1657474,40.645832,22.75,2026-01-16,
3.1657474,40.645832,22.75,2026-01-17,
3.1657474,40.645832,22.75,2026-01-18,
3.1657474,40.645832,22.75,2026-01-19,
3.1657474,40.645832,22.75,2026-01-20,
3.1657474,40.645832,22.75,2026-01-21,
3.1657474,40.645832,22.75,2026-01-22,
3.1657474,40.645832,22.75,2026-01-23,
3.1657474,40.645832,22.75,2026-01-24,
3.1657474,40.645832,22.75,2026-01-25,
3.1657474,40.645832,22.75,2026-01-26,
3.1657474,40.645832,22.75,2026-01-27,
3.1657474,40.645832,22.75,2026-01-28,
3.1657474,40.645832,22.75,2026-01-29,
3.1657474,40.645832,22.75,2026-01-30,
3.1657474,40.645832,22.75,2026-01-31,
3.1657474,40.645832,22.75,2026-02-01,
3.1657474,40.645832,22.75,2026-02-02,
3.1657474,40.645832,22.75,2026-02-03,
3.1657474,40.645832,22.75,2026-02-04,
3.1657474,40.645832,22.75,2026-02-05,
3.1657474,40.645832,22.75,2026-02-06,
3.1657474,40.645832,22.75,2026-02-07,
3.1657474,40.645832,22.75,2026-02-08,
3.1657474,40.645832,22.75,2026-02-09,
3.1657474,40.645832,22.791666,2026-01-10,
3.1657474,40.645832,22.791666,2026-01-11,
3.1657474,40.645832,22.791666,2026-01-12,
3.1657474,40.645832,22.791666,2026-01-13,
3.1657474,40.645832,22.791666,2026-01-14,
3.1657474,40.645832,22.791666,2026-01-15,
3.1657474,40.645832,22.791666,2026-01-16,
3.1657474,40.645832,22.791666,2026-01-17,
3.1657474,40.645832,22.791666,2026-01-18,
3.1657474,40.645832,22.791666,2026-01-19,
3.1657474,40.645832,22.791666,2026-01-20,
3.1657474,40.645832,22.791666,2026-01-21,
3.1657474,40.645832,22.791666,2026-01-22,
3.1657474,40.645832,22.791666,2026-01-23,
3.1657474,40.645832,22.791666,2026-01-24,
3.1657474,40.645832,22.791666,2026-01-25,
3.1657474,40.645832,22.791666,2026-01-26,
3.1657474,40.645832,22.791666,2026-01-27,
3.1657474,40.645832,22.791666,2026-01-28,
3.1657474,40.645832,22.791666,2026-01-29,
3.1657474,40.645832,22.791666,2026-01-30,
3.1657474,40.645832,22.791666,2026-01-31,
3.1657474,40.645832,22.791666,2026-02-01,
3.1657474,40.645832,22.791666,2026-02-02,
3.1657474,40.645832,22.791666,2026-02-03,
3.1657474,40.645832,22.791666,2026-02-04,
3.1657474,40.645832,22.791666,2026-02-05,
3.1657474,40.645832,22.791666,2026-02-06,
3.1657474,40.645832,22.791666,2026-02-07,
3.1657474,40.645832,22.791666,2026-02-08,
3.1657474,40.645832,22.791666,2026-02-09,
3.1657474,40.645832,22.833334,2026-01-10,
3.1657474,40.645832,22.833334,2026-01-11,
3.1657474,40.645832,22.833334,2026-01-12,
3.1657474,40.645832,22.833334,2026-01-13,
3.1657474,40.645832,22.833334,2026-01-14,
3.1657474,40.645832,22.833334,2026-01-15,
3.1657474,40.645832,22.833334,2026-01-16,
3.1657474,40.645832,22.833334,2026-01-17,
3.1657474,40.645832,22.833334,2026-01-18,
3.1657474,40.645832,22.833334,2026-01-19,
3.1657474,40.645832,22.833334,2026-01-20,
3.1657474,40.645832,22.833334,2026-01-21,
3.1657474,40.645832,22.833334,2026-01-22,
3.1657474,40.645832,22.833334,2026-01-23,
3.1657474,40.645832,22.833334,2026-01-24,
3.1657474,40.645832,22.833334,2026-01-25,
3.1657474,40.645832,22.833334,2026-01-26,
3.1657474,40.645832,22.833334,2026-01-27,
3.1657474,40.645832,22.833334,2026-01-28,
3.1657474,40.645832,22.833334,2026-01-29,
3.1657474,40.645832,22.833334,2026-01-30,
3.1657474,40.645832,22.833334,2026-01-31,
3.1657474,40.645832,22.833334,2026-02-01,
3.1657474,40.645832,22.833334,2026-02-02,
3.1657474,40.645832,22.833334,2026-02-03,
3.1657474,40.645832,22.833334,2026-02-04,
3.1657474,40.645832,22.833334,2026-02-05,
3.1657474,40.645832,22.833334,2026-02-06,
3.1657474,40.645832,22.833334,2026-02-07,
3.1657474,40.645832,22.833334,2026-02-08,
3.1657474,40.645832,22.833334,2026-02-09,
3.1657474,40.645832,22.875,2026-01-10,
3.1657474,40.645832,22.875,2026-01-11,
3.1657474,40.645832,22.875,2026-01-12,
3.1657474,40.645832,22.875,2026-01-13,
3.1657474,40.645832,22.875,2026-01-14,
3.1657474,40.645832,22.875,2026-01-15,
3.1657474,40.645832,22.875,2026-01-16,
3.1657474,40.645832,22.875,2026-01-17,
3.1657474,40.645832,22.875,2026-01-18,
3.1657474,40.645832,22.875,2026-01-19,
3.1657474,40.645832,22.875,2026-01-20,
3.1657474,40.645832,22.875,2026-01-21,
3.1657474,40.645832,22.875,2026-01-22,
3.1657474,40.645832,22.875,2026-01-23,
3.1657474,40.645832,22.875,2026-01-24,
3.1657474,40.645832,22.875,2026-01-25,
3.1657474,40.645832,22.875,2026-01-26,
3.1657474,40.645832,22.875,2026-01-27,
3.1657474,40.645832,22.875,2026-01-28,
3.1657474,40.645832,22.875,2026-01-29,
3.1657474,40.645832,22.875,2026-01-30,
3.1657474,40.645832,22.875,2026-01-31,
3.1657474,40.645832,22.875,2026-02-01,
3.1657474,40.645832,22.875,2026-02-02,
3.1657474,40.645832,22.875,2026-02-03,
3.1657474,40.645832,22.875,2026-02-04,
3.1657474,40.645832,22.875,2026-02-05,
3.1657474,40.645832,22.875,2026-02-06,
3.1657474,40.645832,22.875,2026-02-07,
3.1657474,40.645832,22.875,2026-02-08,
3.1657474,40.645832,22.875,2026-02-09,
3.1657474,40.645832,22.916666,2026-01-10,
3.1657474,40.645832,22.916666,2026-01-11,
3.1657474,40.645832,22.916666,2026-01-12,
3.1657474,40.645832,22.916666,2026-01-13,
3.1657474,40.645832,22.916666,2026-01-14,
3.1657474,40.645832,22.916666,2026-01-15,
3.1657474,40.645832,22.916666,2026-01-16,
3.1657474,40.645832,22.916666,2026-01-17,
3.1657474,40.645832,22.916666,2026-01-18,
3.1657474,40.645832,22.916666,2026-01-19,
3.1657474,40.645832,22.916666,2026-01-20,
3.1657474,40.645832,22.916666,2026-01-21,
3.1657474,40.645832,22.916666,2026-01-22,
3.1657474,40.645832,22.916666,2026-01-23,
3.1657474,40.645832,22.916666,2026-01-24,
3.1657474,40.645832,22.916666,2026-01-25,
3.1657474,40.645832,22.916666,2026-01-26,
3.1657474,40.645832,22.916666,2026-01-27,
3.1657474,40.645832,22.916666,2026-01-28,
3.1657474,40.645832,22.916666,2026-01-29,
3.1657474,40.645832,22.916666,2026-01-30,
3.1657474,40.645832,22.916666,2026-01-31,
3.1657474,40.645832,22.916666,2026-02-01,
3.1657474,40.645832,22.916666,2026-02-02,
3.1657474,40.645832,22.916666,2026-02-03,
3.1657474,40.645832,22.916666,2026-02-04,
3.1657474,40.645832,22.916666,2026-02-05,
3.1657474,40.645832,22.916666,2026-02-06,
3.1657474,40.645832,22.916666,2026-02-07,
3.1657474,40.645832,22.916666,2026-02-08,
3.1657474,40.645832,22.916666,2026-02-09,
3.1657474,40.645832,22.958334,2026-01-10,
3.1657474,40.645832,22.958334,2026-01-11,
3.1657474,40.645832,22.958334,2026-01-12,
3.1657474,40.645832,22.958334,2026-01-13,
3.1657474,40.645832,22.958334,2026-01-14,
3.1657474,40.645832,22.958334,2026-01-15,
3.1657474,40.645832,22.958334,2026-01-16,
3.1657474,40.645832,22.958334,2026-01-17,
3.1657474,40.645832,22.958334,2026-01-18,
3.1657474,40.645832,22.958334,2026-01-19,
3.1657474,40.645832,22.958334,2026-01-20,
3.1657474,40.645832,22.958334,2026-01-21,
3.1657474,40.645832,22.958334,2026-01-22,
3.1657474,40.645832,22.958334,2026-01-23,
3.1657474,40.645832,22.958334,2026-01-24,
3.1657474,40.645832,22.958334,2026-01-25,
3.1657474,40.645832,22.958334,2026-01-26,
3.1657474,40.645832,22.958334,2026-01-27,
3.1657474,40.645832,22.958334,2026-01-28,
3.1657474,40.645832,22.958334,2026-01-29,
3.1657474,40.645832,22.958334,2026-01-30,
3.1657474,40.645832,22.958334,2026-01-31,
3.1657474,40.645832,22.958334,2026-02-01,
3.1657474,40.645832,22.958334,2026-02-02,
3.1657474,40.645832,22.958334,2026-02-03,
3.1657474,40.645832,22.958334,2026-02-04,
3.1657474,40.645832,22.958334,2026-02-05,
3.1657474,40.645832,22.958334,2026-02-06,
3.1657474,40.645832,22.958334,2026-02-07,
3.1657474,40.645832,22.958334,2026-02-08,
3.1657474,40.645832,22.958334,2026-02-09,
3.1657474,40.645832,23.0,2026-01-10,
3.1657474,40.645832,23.0,2026-01-11,
3.1657474,40.645832,23.0,2026-01-12,
3.1657474,40.645832,23.0,2026-01-13,
3.1657474,40.645832,23.0,2026-01-14,
3.1657474,40.645832,23.0,2026-01-15,
3.1657474,40.645832,23.0,2026-01-16,
3.1657474,40.645832,23.0,2026-01-17,
3.1657474,40.645832,23.0,2026-01-18,
3.1657474,40.645832,23.0,2026-01-19,
3.1657474,40.645832,23.0,2026-01-20,
3.1657474,40.645832,23.0,2026-01-21,
3.1657474,40.645832,23.0,2026-01-22,
3.1657474,40.645832,23.0,2026-01-23,
3.1657474,40.645832,23.0,2026-01-24,
3.1657474,40.645832,23.0,2026-01-25,
3.1657474,40.645832,23.0,2026-01-26,
3.1657474,40.645832,23.0,2026-01-27,
3.1657474,40.645832,23.0,2026-01-28,
3.1657474,40.645832,23.0,2026-01-29,
3.1657474,40.645832,23.0,2026-01-30,
3.1657474,40.645832,23.0,2026-01-31,
3.1657474,40.645832,23.0,2026-02-01,
3.1657474,40.645832,23.0,2026-02-02,
3.1657474,40.645832,23.0,2026-02-03,
3.1657474,40.645832,23.0,2026-02-04,
3.1657474,40.645832,23.0,2026-02-05,
3.1657474,40.645832,23.0,2026-02-06,
3.1657474,40.645832,23.0,2026-02-07,
3.1657474,40.645832,23.0,2026-02-08,
3.1657474,40.645832,23.0,2026-02-09,
3.1657474,40.6875,22.5,2026-01-10,
3.1657474,40.6875,22.5,2026-01-11,
3.1657474,40.6875,22.5,2026-01-12,
3.1657474,40.6875,22.5,2026-01-13,
3.1657474,40.6875,22.5,2026-01-14,
3.1657474,40.6875,22.5,2026-01-15,
3.1657474,40.6875,22.5,2026-01-16,
3.1657474,40.6875,22.5,2026-01-17,
3.1657474,40.6875,22.5,2026-01-18,
3.1657474,40.6875,22.5,2026-01-19,
3.1657474,40.6875,22.5,2026-01-20,
3.1657474,40.6875,22.5,2026-01-21,
3.1657474,40.6875,22.5,2026-01-22,
3.1657474,40.6875,22.5,2026-01-23,
3.1657474,40.6875,22.5,2026-01-24,
3.1657474,40.6875,22.5,2026-01-25,
3.1657474,40.6875,22.5,2026-01-26,
3.1657474,40.6875,22.5,2026-01-27,
3.1657474,40.6875,22.5,2026-01-28,
3.1657474,40.6875,22.5,2026-01-29,
3.1657474,40.6875,22.5,2026-01-30,
3.1657474,40.6875,22.5,2026-01-31,
3.1657474,40.6875,22.5,2026-02-01,
3.1657474,40.6875,22.5,2026-02-02,
3.1657474,40.6875,22.5,2026-02-03,
3.1657474,40.6875,22.5,2026-02-04,
3.1657474,40.6875,22.5,2026-02-05,
3.1657474,40.6875,22.5,2026-02-06,
3.1657474,40.6875,22.5,2026-02-07,
3.1657474,40.6875,22.5,2026-02-08,
3.1657474,40.6875,22.5,2026-02-09,
3.1657474,40.6875,22.541666,2026-01-10,
3.1657474,40.6875,22.541666,2026-01-11,
3.1657474,40.6875,22.541666,2026-01-12,
3.1657474,40.6875,22.541666,2026-01-13,
3.1657474,40.6875,22.541666,2026-01-14,
3.1657474,40.6875,22.541666,2026-01-15,
3.1657474,40.6875,22.541666,2026-01-16,
3.1657474,40.6875,22.541666,2026-01-17,
3.1657474,40.6875,22.541666,2026-01-18,
3.1657474,40.6875,22.541666,2026-01-19,
3.1657474,40.6875,22.541666,2026-01-20,
3.1657474,40.6875,22.541666,2026-01-21,
3.1657474,40.6875,22.541666,2026-01-22,
3.1657474,40.6875,22.541666,2026-01-23,
3.1657474,40.6875,22.541666,2026-01-24,
3.1657474,40.6875,22.541666,2026-01-25,
3.1657474,40.6875,22.541666,2026-01-26,
3.1657474,40.6875,22.541666,2026-01-27,
3.1657474,40.6875,22.541666,2026-01-28,
3.1657474,40.6875,22.541666,2026-01-29,
3.1657474,40.6875,22.541666,2026-01-30,
3.1657474,40.6875,22.541666,2026-01-31,
3.1657474,40.6875,22.541666,2026-02-01,
3.1657474,40.6875,22.541666,2026-02-02,
3.1657474,40.6875,22.541666,2026-02-03,
3.1657474,40.6875,22.541666,2026-02-04,
3.1657474,40.6875,22.541666,2026-02-05,
3.1657474,40.6875,22.541666,2026-02-06,
3.1657474,40.6875,22.541666,2026-02-07,
3.1657474,40.6875,22.541666,2026-02-08,
3.1657474,40.6875,22.541666,2026-02-09,
3.1657474,40.6875,22.583334,2026-01-10,
3.1657474,40.6875,22.583334,2026-01-11,
3.1657474,40.6875,22.583334,2026-01-12,
3.1657474,40.6875,22.583334,2026-01-13,
3.1657474,40.6875,22.583334,2026-01-14,
3.1657474,40.6875,22.583334,2026-01-15,
3.1657474,40.6875,22.583334,2026-01-16,
3.1657474,40.6875,22.583334,2026-01-17,
3.1657474,40.6875,22.583334,2026-01-18,
3.1657474,40.6875,22.583334,2026-01-19,
3.1657474,40.6875,22.583334,2026-01-20,
3.1657474,40.6875,22.583334,2026-01-21,
3.1657474,40.6875,22.583334,2026-01-22,
3.1657474,40.6875,22.583334,2026-01-23,
3.1657474,40.6875,22.583334,2026-01-24,
3.1657474,40.6875,22.583334,2026-01-25,
3.1657474,40.6875,22.583334,2026-01-26,
3.1657474,40.6875,22.583334,2026-01-27,
3.1657474,40.6875,22.583334,2026-01-28,
3.1657474,40.6875,22.583334,2026-01-29,
3.1657474,40.6875,22.583334,2026-01-30,
3.1657474,40.6875,22.583334,2026-01-31,
3.1657474,40.6875,22.583334,2026-02-01,
3.1657474,40.6875,22.583334,2026-02-02,
3.1657474,40.6875,22.583334,2026-02-03,
3.1657474,40.6875,22.583334,2026-02-04,
3.1657474,40.6875,22.583334,2026-02-05,
3.1657474,40.6875,22.583334,2026-02-06,
3.1657474,40.6875,22.583334,2026-02-07,
3.1657474,40.6875,22.583334,2026-02-08,
3.1657474,40.6875,22.583334,2026-02-09,
3.1657474,40.6875,22.625,2026-01-10,
3.1657474,40.6875,22.625,2026-01-11,
3.1657474,40.6875,22.625,2026-01-12,
3.1657474,40.6875,22.625,2026-01-13,
3.1657474,40.6875,22.625,2026-01-14,
3.1657474,40.6875,22.625,2026-01-15,
3.1657474,40.6875,22.625,2026-01-16,
3.1657474,40.6875,22.625,2026-01-17,
3.1657474,40.6875,22.625,2026-01-18,
3.1657474,40.6875,22.625,2026-01-19,
3.1657474,40.6875,22.625,2026-01-20,
3.1657474,40.6875,22.625,2026-01-21,
3.1657474,40.6875,22.625,2026-01-22,
3.1657474,40.6875,22.625,2026-01-23,
3.1657474,40.6875,22.625,2026-01-24,
3.1657474,40.6875,22.625,2026-01-25,
3.1657474,40.6875,22.625,2026-01-26,
3.1657474,40.6875,22.625,2026-01-27,
3.1657474,40.6875,22.625,2026-01-28,
3.1657474,40.6875,22.625,2026-01-29,
3.1657474,40.6875,22.625,2026-01-30,
3.1657474,40.6875,22.625,2026-01-31,
3.1657474,40.6875,22.625,2026-02-01,
3.1657474,40.6875,22.625,2026-02-02,
3.1657474,40.6875,22.625,2026-02-03,
3.1657474,40.6875,22.625,2026-02-04,
3.1657474,40.6875,22.625,2026-02-05,
3.1657474,40.6875,22.625,2026-02-06,
3.1657474,40.6875,22.625,2026-02-07,
3.1657474,40.6875,22.625,2026-02-08,
3.1657474,40.6875,22.625,2026-02-09,
3.1657474,40.6875,22.666666,2026-01-10,
3.1657474,40.6875,22.666666,2026-01-11,
3.1657474,40.6875,22.666666,2026-01-12,
3.1657474,40.6875,22.666666,2026-01-13,
3.1657474,40.6875,22.666666,2026-01-14,
3.1657474,40.6875,22.666666,2026-01-15,
3.1657474,40.6875,22.666666,2026-01-16,
3.1657474,40.6875,22.666666,2026-01-17,
3.1657474,40.6875,22.666666,2026-01-18,
3.1657474,40.6875,22.666666,2026-01-19,
3.1657474,40.6875,22.666666,2026-01-20,
3.1657474,40.6875,22.666666,2026-01-21,
3.1657474,40.6875,22.666666,2026-01-22,
3.1657474,40.6875,22.666666,2026-01-23,
3.1657474,40.6875,22.666666,2026-01-24,
3.1657474,40.6875,22.666666,2026-01-25,
3.1657474,40.6875,22.666666,2026-01-26,
3.1657474,40.6875,22.666666,2026-01-27,
3.1657474,40.6875,22.666666,2026-01-28,
3.1657474,40.6875,22.666666,2026-01-29,
3.1657474,40.6875,22.666666,2026-01-30,
3.1657474,40.6875,22.666666,2026-01-31,
3.1657474,40.6875,22.666666,2026-02-01,
3.1657474,40.6875,22.666666,2026-02-02,
3.1657474,40.6875,22.666666,2026-02-03,
3.1657474,40.6875,22.666666,2026-02-04,
3.1657474,40.6875,22.666666,2026-02-05,
3.1657474,40.6875,22.666666,2026-02-06,
3.1657474,40.6875,22.666666,2026-02-07,
3.1657474,40.6875,22.666666,2026-02-08,
3.1657474,40.6875,22.666666,2026-02-09,
3.1657474,40.6875,22.708334,2026-01-10,
3.1657474,40.6875,22.708334,2026-01-11,
3.1657474,40.6875,22.708334,2026-01-12,
3.1657474,40.6875,22.708334,2026-01-13,
3.1657474,40.6875,22.708334,2026-01-14,
3.1657474,40.6875,22.708334,2026-01-15,
3.1657474,40.6875,22.708334,2026-01-16,
3.1657474,40.6875,22.708334,2026-01-17,
3.1657474,40.6875,22.708334,2026-01-18,
3.1657474,40.6875,22.708334,2026-01-19,
3.1657474,40.6875,22.708334,2026-01-20,
3.1657474,40.6875,22.708334,2026-01-21,
3.1657474,40.6875,22.708334,2026-01-22,
3.1657474,40.6875,22.708334,2026-01-23,
3.1657474,40.6875,22.708334,2026-01-24,
3.1657474,40.6875,22.708334,2026-01-25,
3.1657474,40.6875,22.708334,2026-01-26,
3.1657474,40.6875,22.708334,2026-01-27,
3.1657474,40.6875,22.708334,2026-01-28,
3.1657474,40.6875,22.708334,2026-01-29,
3.1657474,40.6875,22.708334,2026-01-30,
3.1657474,40.6875,22.708334,2026-01-31,
3.1657474,40.6875,22.708334,2026-02-01,
3.1657474,40.6875,22.708334,2026-02-02,
3.1657474,40.6875,22.708334,2026-02-03,
3.1657474,40.6875,22.708334,2026-02-04,
3.1657474,40.6875,22.708334,2026-02-05,
3.1657474,40.6875,22.708334,2026-02-06,
3.1657474,40.6875,22.708334,2026-02-07,
3.1657474,40.6875,22.708334,2026-02-08,
3.1657474,40.6875,22.708334,2026-02-09,
3.1657474,40.6875,22.75,2026-01-10,
3.1657474,40.6875,22.75,2026-01-11,
3.1657474,40.6875,22.75,2026-01-12,
3.1657474,40.6875,22.75,2026-01-13,
3.1657474,40.6875,22.75,2026-01-14,
3.1657474,40.6875,22.75,2026-01-15,
3.1657474,40.6875,22.75,2026-01-16,
3.1657474,40.6875,22.75,2026-01-17,
3.1657474,40.6875,22.75,2026-01-18,
3.1657474,40.6875,22.75,2026-01-19,
3.1657474,40.6875,22.75,2026-01-20,
3.1657474,40.6875,22.75,2026-01-21,
3.1657474,40.6875,22.75,2026-01-22,
3.1657474,40.6875,22.75,2026-01-23,
3.1657474,40.6875,22.75,2026-01-24,
3.1657474,40.6875,22.75,2026-01-25,
3.1657474,40.6875,22.75,2026-01-26,
3.1657474,40.6875,22.75,2026-01-27,
3.1657474,40.6875,22.75,2026-01-28,
3.1657474,40.6875,22.75,2026-01-29,
3.1657474,40.6875,22.75,2026-01-30,
3.1657474,40.6875,22.75,2026-01-31,
3.1657474,40.6875,22.75,2026-02-01,
3.1657474,40.6875,22.75,2026-02-02,
3.1657474,40.6875,22.75,2026-02-03,
3.1657474,40.6875,22.75,2026-02-04,
3.1657474,40.6875,22.75,2026-02-05,
3.1657474,40.6875,22.75,2026-02-06,
3.1657474,40.6875,22.75,2026-02-07,
3.1657474,40.6875,22.75,2026-02-08,
3.1657474,40.6875,22.75,2026-02-09,
3.1657474,40.6875,22.791666,2026-01-10,
3.1657474,40.6875,22.791666,2026-01-11,
3.1657474,40.6875,22.791666,2026-01-12,
3.1657474,40.6875,22.791666,2026-01-13,
3.1657474,40.6875,22.791666,2026-01-14,
3.1657474,40.6875,22.791666,2026-01-15,
3.1657474,40.6875,22.791666,2026-01-16,
3.1657474,40.6875,22.791666,2026-01-17,
3.1657474,40.6875,22.791666,2026-01-18,
3.1657474,40.6875,22.791666,2026-01-19,
3.1657474,40.6875,22.791666,2026-01-20,
3.1657474,40.6875,22.791666,2026-01-21,
3.1657474,40.6875,22.791666,2026-01-22,
3.1657474,40.6875,22.791666,2026-01-23,
3.1657474,40.6875,22.791666,2026-01-24,
3.1657474,40.6875,22.791666,2026-01-25,
3.1657474,40.6875,22.791666,2026-01-26,
3.1657474,40.6875,22.791666,2026-01-27,
3.1657474,40.6875,22.791666,2026-01-28,
3.1657474,40.6875,22.791666,2026-01-29,
3.1657474,40.6875,22.791666,2026-01-30,
3.1657474,40.6875,22.791666,2026-01-31,
3.1657474,40.6875,22.791666,2026-02-01,
3.1657474,40.6875,22.791666,2026-02-02,
3.1657474,40.6875,22.791666,2026-02-03,
3.1657474,40.6875,22.791666,2026-02-04,
3.1657474,40.6875,22.791666,2026-02-05,
3.1657474,40.6875,22.791666,2026-02-06,
3.1657474,40.6875,22.791666,2026-02-07,
3.1657474,40.6875,22.791666,2026-02-08,
3.1657474,40.6875,22.791666,2026-02-09,
3.1657474,40.6875,22.833334,2026-01-10,
3.1657474,40.6875,22.833334,2026-01-11,
3.1657474,40.6875,22.833334,2026-01-12,
3.1657474,40.6875,22.833334,2026-01-13,
3.1657474,40.6875,22.833334,2026-01-14,
3.1657474,40.6875,22.833334,2026-01-15,
3.1657474,40.6875,22.833334,2026-01-16,
3.1657474,40.6875,22.833334,2026-01-17,
3.1657474,40.6875,22.833334,2026-01-18,
3.1657474,40.6875,22.833334,2026-01-19,
3.1657474,40.6875,22.833334,2026-01-20,
3.1657474,40.6875,22.833334,2026-01-21,
3.1657474,40.6875,22.833334,2026-01-22,
3.1657474,40.6875,22.833334,2026-01-23,
3.1657474,40.6875,22.833334,2026-01-24,
3.1657474,40.6875,22.833334,2026-01-25,
3.1657474,40.6875,22.833334,2026-01-26,
3.1657474,40.6875,22.833334,2026-01-27,
3.1657474,40.6875,22.833334,2026-01-28,
3.1657474,40.6875,22.833334,2026-01-29,
3.1657474,40.6875,22.833334,2026-01-30,
3.1657474,40.6875,22.833334,2026-01-31,
3.1657474,40.6875,22.833334,2026-02-01,
3.1657474,40.6875,22.833334,2026-02-02,
3.1657474,40.6875,22.833334,2026-02-03,
3.1657474,40.6875,22.833334,2026-02-04,
3.1657474,40.6875,22.833334,2026-02-05,
3.1657474,40.6875,22.833334,2026-02-06,
3.1657474,40.6875,22.833334,2026-02-07,
3.1657474,40.6875,22.833334,2026-02-08,
3.1657474,40.6875,22.833334,2026-02-09,
3.1657474,40.6875,22.875,2026-01-10,
3.1657474,40.6875,22.875,2026-01-11,
3.1657474,40.6875,22.875,2026-01-12,
3.1657474,40.6875,22.875,2026-01-13,
3.1657474,40.6875,22.875,2026-01-14,
3.1657474,40.6875,22.875,2026-01-15,
3.1657474,40.6875,22.875,2026-01-16,
3.1657474,40.6875,22.875,2026-01-17,
3.1657474,40.6875,22.875,2026-01-18,
3.1657474,40.6875,22.875,2026-01-19,
3.1657474,40.6875,22.875,2026-01-20,
3.1657474,40.6875,22.875,2026-01-21,
3.1657474,40.6875,22.875,2026-01-22,
3.1657474,40.6875,22.875,2026-01-23,
3.1657474,40.6875,22.875,2026-01-24,
3.1657474,40.6875,22.875,2026-01-25,
3.1657474,40.6875,22.875,2026-01-26,
3.1657474,40.6875,22.875,2026-01-27,
3.1657474,40.6875,22.875,2026-01-28,
3.1657474,40.6875,22.875,2026-01-29,
3.1657474,40.6875,22.875,2026-01-30,
3.1657474,40.6875,22.875,2026-01-31,
3.1657474,40.6875,22.875,2026-02-01,
3.1657474,40.6875,22.875,2026-02-02,
3.1657474,40.6875,22.875,2026-02-03,
3.1657474,40.6875,22.875,2026-02-04,
3.1657474,40.6875,22.875,2026-02-05,
3.1657474,40.6875,22.875,2026-02-06,
3.1657474,40.6875,22.875,2026-02-07,
3.1657474,40.6875,22.875,2026-02-08,
3.1657474,40.6875,22.875,2026-02-09,
3.1657474,40.6875,22.916666,2026-01-10,
3.1657474,40.6875,22.916666,2026-01-11,
3.1657474,40.6875,22.916666,2026-01-12,
3.1657474,40.6875,22.916666,2026-01-13,
3.1657474,40.6875,22.916666,2026-01-14,
3.1657474,40.6875,22.916666,2026-01-15,
3.1657474,40.6875,22.916666,2026-01-16,
3.1657474,40.6875,22.916666,2026-01-17,
3.1657474,40.6875,22.916666,2026-01-18,
3.1657474,40.6875,22.916666,2026-01-19,
3.1657474,40.6875,22.916666,2026-01-20,
3.1657474,40.6875,22.916666,2026-01-21,
3.1657474,40.6875,22.916666,2026-01-22,
3.1657474,40.6875,22.916666,2026-01-23,
3.1657474,40.6875,22.916666,2026-01-24,
3.1657474,40.6875,22.916666,2026-01-25,
3.1657474,40.6875,22.916666,2026-01-26,
3.1657474,40.6875,22.916666,2026-01-27,
3.1657474,40.6875,22.916666,2026-01-28,
3.1657474,40.6875,22.916666,2026-01-29,
3.1657474,40.6875,22.916666,2026-01-30,
3.1657474,40.6875,22.916666,2026-01-31,
3.1657474,40.6875,22.916666,2026-02-01,
3.1657474,40.6875,22.916666,2026-02-02,
3.1657474,40.6875,22.916666,2026-02-03,
3.1657474,40.6875,22.916666,2026-02-04,
3.1657474,40.6875,22.916666,2026-02-05,
3.1657474,40.6875,22.916666,2026-02-06,
3.1657474,40.6875,22.916666,2026-02-07,
3.1657474,40.6875,22.916666,2026-02-08,
3.1657474,40.6875,22.916666,2026-02-09,
3.1657474,40.6875,22.958334,2026-01-10,
3.1657474,40.6875,22.958334,2026-01-11,
3.1657474,40.6875,22.958334,2026-01-12,
3.1657474,40.6875,22.958334,2026-01-13,
3.1657474,40.6875,22.958334,2026-01-14,
3.1657474,40.6875,22.958334,2026-01-15,
3.1657474,40.6875,22.958334,2026-01-16,
3.1657474,40.6875,22.958334,2026-01-17,
3.1657474,40.6875,22.958334,2026-01-18,
3.1657474,40.6875,22.958334,2026-01-19,
3.1657474,40.6875,22.958334,2026-01-20,
3.1657474,40.6875,22.958334,2026-01-21,
3.1657474,40.6875,22.958334,2026-01-22,
3.1657474,40.6875,22.958334,2026-01-23,
3.1657474,40.6875,22.958334,2026-01-24,
3.1657474,40.6875,22.958334,2026-01-25,
3.1657474,40.6875,22.958334,2026-01-26,
3.1657474,40.6875,22.958334,2026-01-27,
3.1657474,40.6875,22.958334,2026-01-28,
3.1657474,40.6875,22.958334,2026-01-29,
3.1657474,40.6875,22.958334,2026-01-30,
3.1657474,40.6875,22.958334,2026-01-31,
3.1657474,40.6875,22.958334,2026-02-01,
3.1657474,40.6875,22.958334,2026-02-02,
3.1657474,40.6875,22.958334,2026-02-03,
3.1657474,40.6875,22.958334,2026-02-04,
3.1657474,40.6875,22.958334,2026-02-05,
3.1657474,40.6875,22.958334,2026-02-06,
3.1657474,40.6875,22.958334,2026-02-07,
3.1657474,40.6875,22.958334,2026-02-08,
3.1657474,40.6875,22.958334,2026-02-09,
3.1657474,40.6875,23.0,2026-01-10,
3.1657474,40.6875,23.0,2026-01-11,
3.1657474,40.6875,23.0,2026-01-12,
3.1657474,40.6875,23.0,2026-01-13,
3.1657474,40.6875,23.0,2026-01-14,
3.1657474,40.6875,23.0,2026-01-15,
3.1657474,40.6875,23.0,2026-01-16,
3.1657474,40.6875,23.0,2026-01-17,
3.1657474,40.6875,23.0,2026-01-18,
3.1657474,40.6875,23.0,2026-01-19,
3.1657474,40.6875,23.0,2026-01-20,
3.1657474,40.6875,23.0,2026-01-21,
3.1657474,40.6875,23.0,2026-01-22,
3.1657474,40.6875,23.0,2026-01-23,
3.1657474,40.6875,23.0,2026-01-24,
3.1657474,40.6875,23.0,2026-01-25,
3.1657474,40.6875,23.0,2026-01-26,
3.1657474,40.6875,23.0,2026-01-27,
3.1657474,40.6875,23.0,2026-01-28,
3.1657474,40.6875,23.0,2026-01-29,
3.1657474,40.6875,23.0,2026-01-30,
3.1657474,40.6875,23.0,2026-01-31,
3.1657474,40.6875,23.0,2026-02-01,
3.1657474,40.6875,23.0,2026-02-02,
3.1657474,40.6875,23.0,2026-02-03,
3.1657474,40.6875,23.0,2026-02-04,
3.1657474,40.6875,23.0,2026-02-05,
3.1657474,40.6875,23.0,2026-02-06,
3.1657474,40.6875,23.0,2026-02-07,
3.1657474,40.6875,23.0,2026-02-08,
3.1657474,40.6875,23.0,2026-02-09,
