depth,latitude,longitude,time,so
1.0182366,34.604168,33.0,2025-10-21,
1.0182366,34.604168,33.0,2025-10-22,
1.0182366,34.604168,33.0,2025-10-23,
1.0182366,34.604168,33.0,2025-10-24,
1.0182366,34.604168,33.0,2025-10-25,
1.0182366,34.604168,33.0,2025-10-26,
1.0182366,34.604168,33.0,2025-10-27,
1.0182366,34.604168,33.0,2025-10-28,
1.0182366,34.604168,33.0,2025-10-29,
1.0182366,34.604168,33.0,2025-10-30,
1.0182366,34.604168,33.0,2025-10-31,
1.0182366,34.604168,33.0,2025-11-01,
1.0182366,34.604168,33.0,2025-11-02,
1.0182366,34.604168,33.0,2025-11-03,
1.0182366,34.604168,33.0,2025-11-04,
1.0182366,34.604168,33.0,2025-11-05,
1.0182366,34.604168,33.0,2025-11-06,
1.0182366,34.604168,33.0,2025-11-07,
1.0182366,34.604168,33.0,2025-11-08,
1.0182366,34.604168,33.0,2025-11-09,
1.0182366,34.604168,33.0,2025-11-10,
1.0182366,34.604168,33.0,2025-11-11,
1.0182366,34.604168,33.0,2025-11-12,
1.0182366,34.604168,33.0,2025-11-13,
1.0182366,34.604168,33.0,2025-11-14,
1.0182366,34.604168,33.0,2025-11-15,
1.0182366,34.604168,33.0,2025-11-16,
1.0182366,34.604168,33.0,2025-11-17,
1.0182366,34.604168,33.0,2025-11-18,
1.0182366,34.604168,33.0,2025-11-19,
1.0182366,34.604168,33.0,2025-11-20,
1.0182366,34.604168,33.041668,2025-10-21,
1.0182366,34.604168,33.041668,2025-10-22,
1.0182366,34.604168,33.041668,2025-10-23,
1.0182366,34.604168,33.041668,2025-10-24,
1.0182366,34.604168,33.041668,2025-10-25,
1.0182366,34.604168,33.041668,2025-10-26,
1.0182366,34.604168,33.041668,2025-10-27,
1.0182366,34.604168,33.041668,2025-10-28,
1.0182366,34.604168,33.041668,2025-10-29,
1.0182366,34.604168,33.041668,2025-10-30,
1.0182366,34.604168,33.041668,2025-10-31,
1.0182366,34.604168,33.041668,2025-11-01,
1.0182366,34.604168,33.041668,2025-11-02,
1.0182366,34.604168,33.041668,2025-11-03,
1.0182366,34.604168,33.041668,2025-11-04,
1.0182366,34.604168,33.041668,2025-11-05,
1.0182366,34.604168,33.041668,2025-11-06,
1.0182366,34.604168,33.041668,2025-11-07,
1.0182366,34.604168,33.041668,2025-11-08,
1.0182366,34.604168,33.041668,2025-11-09,
1.0182366,34.604168,33.041668,2025-11-10,
1.0182366,34.604168,33.041668,2025-11-11,
1.0182366,34.604168,33.041668,2025-11-12,
1.0182366,34.604168,33.041668,2025-11-13,
1.0182366,34.604168,33.041668,2025-11-14,
1.0182366,34.604168,33.041668,2025-11-15,
1.0182366,34.604168,33.041668,2025-11-16,
1.0182366,34.604168,33.041668,2025-11-17,
1.0182366,34.604168,33.041668,2025-11-18,
1.0182366,34.604168,33.041668,2025-11-19,
1.0182366,34.604168,33.041668,2025-11-20,
1.0182366,34.604168,33.083332,2025-10-21,39.692898
1.0182366,34.604168,33.083332,2025-10-22,39.701252
1.0182366,34.604168,33.083332,2025-10-23,39.735256
1.0182366,34.604168,33.083332,2025-10-24,39.76108
1.0182366,34.604168,33.083332,2025-10-25,39.759605
1.0182366,34.604168,33.083332,2025-10-26,39.736687
1.0182366,34.604168,33.083332,2025-10-27,39.731174
1.0182366,34.604168,33.083332,2025-10-28,39.746086
1.0182366,34.604168,33.083332,2025-10-29,39.76806
1.0182366,34.604168,33.083332,2025-10-30,39.772964
1.0182366,34.604168,33.083332,2025-10-31,39.760933
1.0182366,34.604168,33.083332,2025-11-01,39.745567
1.0182366,34.604168,33.083332,2025-11-02,39.7332
1.0182366,34.604168,33.083332,2025-11-03,39.727192
1.0182366,34.604168,33.083332,2025-11-04,39.723377
1.0182366,34.604168,33.083332,2025-11-05,39.725567
1.0182366,34.604168,33.083332,2025-11-06,39.723408
1.0182366,34.604168,33.083332,2025-11-07,39.721886
1.0182366,34.604168,33.083332,2025-11-08,39.72471
1.0182366,34.604168,33.083332,2025-11-09,39.733383
1.0182366,34.604168,33.083332,2025-11-10,39.715343
1.0182366,34.604168,33.083332,2025-11-11,39.713985
1.0182366,34.604168,33.083332,2025-11-12,39.71052
1.0182366,34.604168,33.083332,2025-11-13,39.70322
1.0182366,34.604168,33.083332,2025-11-14,39.699123
1.0182366,34.604168,33.083332,2025-11-15,39.691204
1.0182366,34.604168,33.083332,2025-11-16,39.68475
1.0182366,34.604168,33.083332,2025-11-17,39.67959
1.0182366,34.604168,33.083332,2025-11-18,39.674374
1.0182366,34.604168,33.083332,2025-11-19,39.669086
1.0182366,34.604168,33.083332,2025-11-20,39.666622
1.0182366,34.604168,33.125,2025-10-21,39.704124
1.0182366,34.604168,33.125,2025-10-22,39.715736
1.0182366,34.604168,33.125,2025-10-23,39.753483
1.0182366,34.604168,33.125,2025-10-24,39.770386
1.0182366,34.604168,33.125,2025-10-25,39.770187
1.0182366,34.604168,33.125,2025-10-26,39.743046
1.0182366,34.604168,33.125,2025-10-27,39.74028
1.0182366,34.604168,33.125,2025-10-28,39.766243
1.0182366,34.604168,33.125,2025-10-29,39.777016
1.0182366,34.604168,33.125,2025-10-30,39.768017
1.0182366,34.604168,33.125,2025-10-31,39.742214
1.0182366,34.604168,33.125,2025-11-01,39.723907
1.0182366,34.604168,33.125,2025-11-02,39.714527
1.0182366,34.604168,33.125,2025-11-03,39.7122
1.0182366,34.604168,33.125,2025-11-04,39.713146
1.0182366,34.604168,33.125,2025-11-05,39.717834
1.0182366,34.604168,33.125,2025-11-06,39.7181
1.0182366,34.604168,33.125,2025-11-07,39.71911
1.0182366,34.604168,33.125,2025-11-08,39.72432
1.0182366,34.604168,33.125,2025-11-09,39.734314
1.0182366,34.604168,33.125,2025-11-10,39.715443
1.0182366,34.604168,33.125,2025-11-11,39.710735
1.0182366,34.604168,33.125,2025-11-12,39.70099
1.0182366,34.604168,33.125,2025-11-13,39.690163
1.0182366,34.604168,33.125,2025-11-14,39.683964
1.0182366,34.604168,33.125,2025-11-15,39.67375
1.0182366,34.604168,33.125,2025-11-16,39.669426
1.0182366,34.604168,33.125,2025-11-17,39.667305
1.0182366,34.604168,33.125,2025-11-18,39.66458
1.0182366,34.604168,33.125,2025-11-19,39.66518
1.0182366,34.604168,33.125,2025-11-20,39.66
1.0182366,34.604168,33.166668,2025-10-21,39.71785
1.0182366,34.604168,33.166668,2025-10-22,39.728123
1.0182366,34.604168,33.166668,2025-10-23,39.762184
1.0182366,34.604168,33.166668,2025-10-24,39.77668
1.0182366,34.604168,33.166668,2025-10-25,39.778065
1.0182366,34.604168,33.166668,2025-10-26,39.754524
1.0182366,34.604168,33.166668,2025-10-27,39.754856
1.0182366,34.604168,33.166668,2025-10-28,39.77343
1.0182366,34.604168,33.166668,2025-10-29,39.77569
1.0182366,34.604168,33.166668,2025-10-30,39.75983
1.0182366,34.604168,33.166668,2025-10-31,39.732914
1.0182366,34.604168,33.166668,2025-11-01,39.71658
1.0182366,34.604168,33.166668,2025-11-02,39.709858
1.0182366,34.604168,33.166668,2025-11-03,39.710415
1.0182366,34.604168,33.166668,2025-11-04,39.712368
1.0182366,34.604168,33.166668,2025-11-05,39.715805
1.0182366,34.604168,33.166668,2025-11-06,39.713833
1.0182366,34.604168,33.166668,2025-11-07,39.712875
1.0182366,34.604168,33.166668,2025-11-08,39.71951
1.0182366,34.604168,33.166668,2025-11-09,39.72832
1.0182366,34.604168,33.166668,2025-11-10,39.707016
1.0182366,34.604168,33.166668,2025-11-11,39.69814
1.0182366,34.604168,33.166668,2025-11-12,39.68331
1.0182366,34.604168,33.166668,2025-11-13,39.672226
1.0182366,34.604168,33.166668,2025-11-14,39.66782
1.0182366,34.604168,33.166668,2025-11-15,39.664886
1.0182366,34.604168,33.166668,2025-11-16,39.662117
1.0182366,34.604168,33.166668,2025-11-17,39.659435
1.0182366,34.604168,33.166668,2025-11-18,39.662144
1.0182366,34.604168,33.166668,2025-11-19,39.665676
1.0182366,34.604168,33.166668,2025-11-20,39.656662
1.0182366,34.645832,33.0,2025-10-21,
1.0182366,34.645832,33.0,2025-10-22,
1.0182366,34.645832,33.0,2025-10-23,
1.0182366,34.645832,33.0,2025-10-24,
1.0182366,34.645832,33.0,2025-10-25,
1.0182366,34.645832,33.0,2025-10-26,
1.0182366,34.645832,33.0,2025-10-27,
1.0182366,34.645832,33.0,2025-10-28,
1.0182366,34.645832,33.0,2025-10-29,
1.0182366,34.645832,33.0,2025-10-30,
1.0182366,34.645832,33.0,2025-10-31,
1.0182366,34.645832,33.0,2025-11-01,
1.0182366,34.645832,33.0,2025-11-02,
1.0182366,34.645832,33.0,2025-11-03,
1.0182366,34.645832,33.0,2025-11-04,
1.0182366,34.645832,33.0,2025-11-05,
1.0182366,34.645832,33.0,2025-11-06,
1.0182366,34.645832,33.0,2025-11-07,
1.0182366,34.645832,33.0,2025-11-08,
1.0182366,34.645832,33.0,2025-11-09,
1.0182366,34.645832,33.0,2025-11-10,
1.0182366,34.645832,33.0,2025-11-11,
1.0182366,34.645832,33.0,2025-11-12,
1.0182366,34.645832,33.0,2025-11-13,
1.0182366,34.645832,33.0,2025-11-14,
1.0182366,34.645832,33.0,2025-11-15,
1.0182366,34.645832,33.0,2025-11-16,
1.0182366,34.645832,33.0,2025-11-17,
1.0182366,34.645832,33.0,2025-11-18,
1.0182366,34.645832,33.0,2025-11-19,
1.0182366,34.645832,33.0,2025-11-20,
1.0182366,34.645832,33.041668,2025-10-21,
1.0182366,34.645832,33.041668,2025-10-22,
1.0182366,34.645832,33.041668,2025-10-23,
1.0182366,34.645832,33.041668,2025-10-24,
1.0182366,34.645832,33.041668,2025-10-25,
1.0182366,34.645832,33.041668,2025-10-26,
1.0182366,34.645832,33.041668,2025-10-27,
1.0182366,34.645832,33.041668,2025-10-28,
1.0182366,34.645832,33.041668,2025-10-29,
1.0182366,34.645832,33.041668,2025-10-30,
1.0182366,34.645832,33.041668,2025-10-31,
1.0182366,34.645832,33.041668,2025-11-01,
1.0182366,34.645832,33.041668,2025-11-02,
1.0182366,34.645832,33.041668,2025-11-03,
1.0182366,34.645832,33.041668,2025-11-04,
1.0182366,34.645832,33.041668,2025-11-05,
1.0182366,34.645832,33.041668,2025-11-06,
1.0182366,34.645832,33.041668,2025-11-07,
1.0182366,34.645832,33.041668,2025-11-08,
1.0182366,34.645832,33.041668,2025-11-09,
1.0182366,34.645832,33.041668,2025-11-10,
1.0182366,34.645832,33.041668,2025-11-11,
1.0182366,34.645832,33.041668,2025-11-12,
1.0182366,34.645832,33.041668,2025-11-13,
1.0182366,34.645832,33.041668,2025-11-14,
1.0182366,34.645832,33.041668,2025-11-15,
1.0182366,34.645832,33.041668,2025-11-16,
1.0182366,34.645832,33.041668,2025-11-17,
1.0182366,34.645832,33.041668,2025-11-18,
1.0182366,34.645832,33.041668,2025-11-19,
1.0182366,34.645832,33.041668,2025-11-20,
1.0182366,34.645832,33.083332,2025-10-21,39.69175
1.0182366,34.645832,33.083332,2025-10-22,39.70011
1.0182366,34.645832,33.083332,2025-10-23,39.73426
1.0182366,34.645832,33.083332,2025-10-24,39.758007
1.0182366,34.645832,33.083332,2025-10-25,39.75265
1.0182366,34.645832,33.083332,2025-10-26,39.73488
1.0182366,34.645832,33.083332,2025-10-27,39.732086
1.0182366,34.645832,33.083332,2025-10-28,39.743126
1.0182366,34.645832,33.083332,2025-10-29,39.766026
1.0182366,34.645832,33.083332,2025-10-30,39.774353
1.0182366,34.645832,33.083332,2025-10-31,39.767433
1.0182366,34.645832,33.083332,2025-11-01,39.759224
1.0182366,34.645832,33.083332,2025-11-02,39.74492
1.0182366,34.645832,33.083332,2025-11-03,39.735416
1.0182366,34.645832,33.083332,2025-11-04,39.730618
1.0182366,34.645832,33.083332,2025-11-05,39.730953
1.0182366,34.645832,33.083332,2025-11-06,39.72606
1.0182366,34.645832,33.083332,2025-11-07,39.723846
1.0182366,34.645832,33.083332,2025-11-08,39.723984
1.0182366,34.645832,33.083332,2025-11-09,39.72327
1.0182366,34.645832,33.083332,2025-11-10,39.710575
1.0182366,34.645832,33.083332,2025-11-11,39.71225
1.0182366,34.645832,33.083332,2025-11-12,39.710407
1.0182366,34.645832,33.083332,2025-11-13,39.704853
1.0182366,34.645832,33.083332,2025-11-14,39.702225
1.0182366,34.645832,33.083332,2025-11-15,39.69189
1.0182366,34.645832,33.083332,2025-11-16,39.686966
1.0182366,34.645832,33.083332,2025-11-17,39.683857
1.0182366,34.645832,33.083332,2025-11-18,39.68199
1.0182366,34.645832,33.083332,2025-11-19,39.678017
1.0182366,34.645832,33.083332,2025-11-20,39.673695
1.0182366,34.645832,33.125,2025-10-21,39.6995
1.0182366,34.645832,33.125,2025-10-22,39.713146
1.0182366,34.645832,33.125,2025-10-23,39.752426
1.0182366,34.645832,33.125,2025-10-24,39.765095
1.0182366,34.645832,33.125,2025-10-25,39.760406
1.0182366,34.645832,33.125,2025-10-26,39.74032
1.0182366,34.645832,33.125,2025-10-27,39.738518
1.0182366,34.645832,33.125,2025-10-28,39.762417
1.0182366,34.645832,33.125,2025-10-29,39.778267
1.0182366,34.645832,33.125,2025-10-30,39.770267
1.0182366,34.645832,33.125,2025-10-31,39.748566
1.0182366,34.645832,33.125,2025-11-01,39.736183
1.0182366,34.645832,33.125,2025-11-02,39.726532
1.0182366,34.645832,33.125,2025-11-03,39.7208
1.0182366,34.645832,33.125,2025-11-04,39.72015
1.0182366,34.645832,33.125,2025-11-05,39.72274
1.0182366,34.645832,33.125,2025-11-06,39.722466
1.0182366,34.645832,33.125,2025-11-07,39.722866
1.0182366,34.645832,33.125,2025-11-08,39.723904
1.0182366,34.645832,33.125,2025-11-09,39.725994
1.0182366,34.645832,33.125,2025-11-10,39.71435
1.0182366,34.645832,33.125,2025-11-11,39.713535
1.0182366,34.645832,33.125,2025-11-12,39.70824
1.0182366,34.645832,33.125,2025-11-13,39.700916
1.0182366,34.645832,33.125,2025-11-14,39.696606
1.0182366,34.645832,33.125,2025-11-15,39.688812
1.0182366,34.645832,33.125,2025-11-16,39.681965
1.0182366,34.645832,33.125,2025-11-17,39.67877
1.0182366,34.645832,33.125,2025-11-18,39.67581
1.0182366,34.645832,33.125,2025-11-19,39.672626
1.0182366,34.645832,33.125,2025-11-20,39.671307
1.0182366,34.645832,33.166668,2025-10-21,39.71084
1.0182366,34.645832,33.166668,2025-10-22,39.728474
1.0182366,34.645832,33.166668,2025-10-23,39.76237
1.0182366,34.645832,33.166668,2025-10-24,39.771576
1.0182366,34.645832,33.166668,2025-10-25,39.768204
1.0182366,34.645832,33.166668,2025-10-26,39.745686
1.0182366,34.645832,33.166668,2025-10-27,39.746754
1.0182366,34.645832,33.166668,2025-10-28,39.777714
1.0182366,34.645832,33.166668,2025-10-29,39.781998
1.0182366,34.645832,33.166668,2025-10-30,39.758675
1.0182366,34.645832,33.166668,2025-10-31,39.729855
1.0182366,34.645832,33.166668,2025-11-01,39.716816
1.0182366,34.645832,33.166668,2025-11-02,39.71025
1.0182366,34.645832,33.166668,2025-11-03,39.709496
1.0182366,34.645832,33.166668,2025-11-04,39.711723
1.0182366,34.645832,33.166668,2025-11-05,39.711563
1.0182366,34.645832,33.166668,2025-11-06,39.71197
1.0182366,34.645832,33.166668,2025-11-07,39.715103
1.0182366,34.645832,33.166668,2025-11-08,39.719982
1.0182366,34.645832,33.166668,2025-11-09,39.724953
1.0182366,34.645832,33.166668,2025-11-10,39.711826
1.0182366,34.645832,33.166668,2025-11-11,39.707832
1.0182366,34.645832,33.166668,2025-11-12,39.699966
1.0182366,34.645832,33.166668,2025-11-13,39.692204
1.0182366,34.645832,33.166668,2025-11-14,39.68732
1.0182366,34.645832,33.166668,2025-11-15,39.682808
1.0182366,34.645832,33.166668,2025-11-16,39.675026
1.0182366,34.645832,33.166668,2025-11-17,39.670673
1.0182366,34.645832,33.166668,2025-11-18,39.66904
1.0182366,34.645832,33.166668,2025-11-19,39.670345
1.0182366,34.645832,33.166668,2025-11-20,39.66975
1.0182366,34.6875,33.0,2025-10-21,
1.0182366,34.6875,33.0,2025-10-22,
1.0182366,34.6875,33.0,2025-10-23,
1.0182366,34.6875,33.0,2025-10-24,
1.0182366,34.6875,33.0,2025-10-25,
1.0182366,34.6875,33.0,2025-10-26,
1.0182366,34.6875,33.0,2025-10-27,
1.0182366,34.6875,33.0,2025-10-28,
1.0182366,34.6875,33.0,2025-10-29,
1.0182366,34.6875,33.0,2025-10-30,
1.0182366,34.6875,33.0,2025-10-31,
1.0182366,34.6875,33.0,2025-11-01,
1.0182366,34.6875,33.0,2025-11-02,
1.0182366,34.6875,33.0,2025-11-03,
1.0182366,34.6875,33.0,2025-11-04,
1.0182366,34.6875,33.0,2025-11-05,
1.0182366,34.6875,33.0,2025-11-06,
1.0182366,34.6875,33.0,2025-11-07,
1.0182366,34.6875,33.0,2025-11-08,
1.0182366,34.6875,33.0,2025-11-09,
1.0182366,34.6875,33.0,2025-11-10,
1.0182366,34.6875,33.0,2025-11-11,
1.0182366,34.6875,33.0,2025-11-12,
1.0182366,34.6875,33.0,2025-11-13,
1.0182366,34.6875,33.0,2025-11-14,
1.0182366,34.6875,33.0,2025-11-15,
1.0182366,34.6875,33.0,2025-11-16,
1.0182366,34.6875,33.0,2025-11-17,
1.0182366,34.6875,33.0,2025-11-18,
1.0182366,34.6875,33.0,2025-11-19,
1.0182366,34.6875,33.0,2025-11-20,
1.0182366,34.6875,33.041668,2025-10-21,
1.0182366,34.6875,33.041668,2025-10-22,
1.0182366,34.6875,33.041668,2025-10-23,
1.0182366,34.6875,33.041668,2025-10-24,
1.0182366,34.6875,33.041668,2025-10-25,
1.0182366,34.6875,33.041668,2025-10-26,
1.0182366,34.6875,33.041668,2025-10-27,
1.0182366,34.6875,33.041668,2025-10-28,
1.0182366,34.6875,33.041668,2025-10-29,
1.0182366,34.6875,33.041668,2025-10-30,
1.0182366,34.6875,33.041668,2025-10-31,
1.0182366,34.6875,33.041668,2025-11-01,
1.0182366,34.6875,33.041668,2025-11-02,
1.0182366,34.6875,33.041668,2025-11-03,
1.0182366,34.6875,33.041668,2025-11-04,
1.0182366,34.6875,33.041668,2025-11-05,
1.0182366,34.6875,33.041668,2025-11-06,
1.0182366,34.6875,33.041668,2025-11-07,
1.0182366,34.6875,33.041668,2025-11-08,
1.0182366,34.6875,33.041668,2025-11-09,
1.0182366,34.6875,33.041668,2025-11-10,
1.0182366,34.6875,33.041668,2025-11-11,
1.0182366,34.6875,33.041668,2025-11-12,
1.0182366,34.6875,33.041668,2025-11-13,
1.0182366,34.6875,33.041668,2025-11-14,
1.0182366,34.6875,33.041668,2025-11-15,
1.0182366,34.6875,33.041668,2025-11-16,
1.0182366,34.6875,33.041668,2025-11-17,
1.0182366,34.6875,33.041668,2025-11-18,
1.0182366,34.6875,33.041668,2025-11-19,
1.0182366,34.6875,33.041668,2025-11-20,
1.0182366,34.6875,33.083332,2025-10-21,
1.0182366,34.6875,33.083332,2025-10-22,
1.0182366,34.6875,33.083332,2025-10-23,
1.0182366,34.6875,33.083332,2025-10-24,
1.0182366,34.6875,33.083332,2025-10-25,
1.0182366,34.6875,33.083332,2025-10-26,
1.0182366,34.6875,33.083332,2025-10-27,
1.0182366,34.6875,33.083332,2025-10-28,
1.0182366,34.6875,33.083332,2025-10-29,
1.0182366,34.6875,33.083332,2025-10-30,
1.0182366,34.6875,33.083332,2025-10-31,
1.0182366,34.6875,33.083332,2025-11-01,
1.0182366,34.6875,33.083332,2025-11-02,
1.0182366,34.6875,33.083332,2025-11-03,
1.0182366,34.6875,33.083332,2025-11-04,
1.0182366,34.6875,33.083332,2025-11-05,
1.0182366,34.6875,33.083332,2025-11-06,
1.0182366,34.6875,33.083332,2025-11-07,
1.0182366,34.6875,33.083332,2025-11-08,
1.0182366,34.6875,33.083332,2025-11-09,
1.0182366,34.6875,33.083332,2025-11-10,
1.0182366,34.6875,33.083332,2025-11-11,
1.0182366,34.6875,33.083332,2025-11-12,
1.0182366,34.6875,33.083332,2025-11-13,
1.0182366,34.6875,33.083332,2025-11-14,
1.0182366,34.6875,33.083332,2025-11-15,
1.0182366,34.6875,33.083332,2025-11-16,
1.0182366,34.6875,33.083332,2025-11-17,
1.0182366,34.6875,33.083332,2025-11-18,
1.0182366,34.6875,33.083332,2025-11-19,
1.0182366,34.6875,33.083332,2025-11-20,
1.0182366,34.6875,33.125,2025-10-21,39.690582
1.0182366,34.6875,33.125,2025-10-22,39.701412
1.0182366,34.6875,33.125,2025-10-23,39.740433
1.0182366,34.6875,33.125,2025-10-24,39.760536
1.0182366,34.6875,33.125,2025-10-25,39.760002
1.0182366,34.6875,33.125,2025-10-26,39.747997
1.0182366,34.6875,33.125,2025-10-27,39.742348
1.0182366,34.6875,33.125,2025-10-28,39.75106
1.0182366,34.6875,33.125,2025-10-29,39.770405
1.0182366,34.6875,33.125,2025-10-30,39.77443
1.0182366,34.6875,33.125,2025-10-31,39.774033
1.0182366,34.6875,33.125,2025-11-01,39.77153
1.0182366,34.6875,33.125,2025-11-02,39.755836
1.0182366,34.6875,33.125,2025-11-03,39.744675
1.0182366,34.6875,33.125,2025-11-04,39.741104
1.0182366,34.6875,33.125,2025-11-05,39.74171
1.0182366,34.6875,33.125,2025-11-06,39.736805
1.0182366,34.6875,33.125,2025-11-07,39.73282
1.0182366,34.6875,33.125,2025-11-08,39.73012
1.0182366,34.6875,33.125,2025-11-09,39.72746
1.0182366,34.6875,33.125,2025-11-10,39.71565
1.0182366,34.6875,33.125,2025-11-11,39.714657
1.0182366,34.6875,33.125,2025-11-12,39.713043
1.0182366,34.6875,33.125,2025-11-13,39.709354
1.0182366,34.6875,33.125,2025-11-14,39.70641
1.0182366,34.6875,33.125,2025-11-15,39.70305
1.0182366,34.6875,33.125,2025-11-16,39.70038
1.0182366,34.6875,33.125,2025-11-17,39.69523
1.0182366,34.6875,33.125,2025-11-18,39.691895
1.0182366,34.6875,33.125,2025-11-19,39.687332
1.0182366,34.6875,33.125,2025-11-20,39.68207
1.0182366,34.6875,33.166668,2025-10-21,39.700157
1.0182366,34.6875,33.166668,2025-10-22,39.719177
1.0182366,34.6875,33.166668,2025-10-23,39.75317
1.0182366,34.6875,33.166668,2025-10-24,39.763184
1.0182366,34.6875,33.166668,2025-10-25,39.759907
1.0182366,34.6875,33.166668,2025-10-26,39.745564
1.0182366,34.6875,33.166668,2025-10-27,39.740795
1.0182366,34.6875,33.166668,2025-10-28,39.76912
1.0182366,34.6875,33.166668,2025-10-29,39.77843
1.0182366,34.6875,33.166668,2025-10-30,39.77248
1.0182366,34.6875,33.166668,2025-10-31,39.761776
1.0182366,34.6875,33.166668,2025-11-01,39.757164
1.0182366,34.6875,33.166668,2025-11-02,39.747906
1.0182366,34.6875,33.166668,2025-11-03,39.73551
1.0182366,34.6875,33.166668,2025-11-04,39.731045
1.0182366,34.6875,33.166668,2025-11-05,39.729996
1.0182366,34.6875,33.166668,2025-11-06,39.726627
1.0182366,34.6875,33.166668,2025-11-07,39.72498
1.0182366,34.6875,33.166668,2025-11-08,39.726643
1.0182366,34.6875,33.166668,2025-11-09,39.726227
1.0182366,34.6875,33.166668,2025-11-10,39.714024
1.0182366,34.6875,33.166668,2025-11-11,39.71292
1.0182366,34.6875,33.166668,2025-11-12,39.708324
1.0182366,34.6875,33.166668,2025-11-13,39.7033
1.0182366,34.6875,33.166668,2025-11-14,39.699574
1.0182366,34.6875,33.166668,2025-11-15,39.696228
1.0182366,34.6875,33.166668,2025-11-16,39.694443
1.0182366,34.6875,33.166668,2025-11-17,39.68914
1.0182366,34.6875,33.166668,2025-11-18,39.686134
1.0182366,34.6875,33.166668,2025-11-19,39.683907
1.0182366,34.6875,33.166668,2025-11-20,39.67955
1.0182366,34.729168,33.0,2025-10-21,
1.0182366,34.729168,33.0,2025-10-22,
1.0182366,34.729168,33.0,2025-10-23,
1.0182366,34.729168,33.0,2025-10-24,
1.0182366,34.729168,33.0,2025-10-25,
1.0182366,34.729168,33.0,2025-10-26,
1.0182366,34.729168,33.0,2025-10-27,
1.0182366,34.729168,33.0,2025-10-28,
1.0182366,34.729168,33.0,2025-10-29,
1.0182366,34.729168,33.0,2025-10-30,
1.0182366,34.729168,33.0,2025-10-31,
1.0182366,34.729168,33.0,2025-11-01,
1.0182366,34.729168,33.0,2025-11-02,
1.0182366,34.729168,33.0,2025-11-03,
1.0182366,34.729168,33.0,2025-11-04,
1.0182366,34.729168,33.0,2025-11-05,
1.0182366,34.729168,33.0,2025-11-06,
1.0182366,34.729168,33.0,2025-11-07,
1.0182366,34.729168,33.0,2025-11-08,
1.0182366,34.729168,33.0,2025-11-09,
1.0182366,34.729168,33.0,2025-11-10,
1.0182366,34.729168,33.0,2025-11-11,
1.0182366,34.729168,33.0,2025-11-12,
1.0182366,34.729168,33.0,2025-11-13,
1.0182366,34.729168,33.0,2025-11-14,
1.0182366,34.729168,33.0,2025-11-15,
1.0182366,34.729168,33.0,2025-11-16,
1.0182366,34.729168,33.0,2025-11-17,
1.0182366,34.729168,33.0,2025-11-18,
1.0182366,34.729168,33.0,2025-11-19,
1.0182366,34.729168,33.0,2025-11-20,
1.0182366,34.729168,33.041668,2025-10-21,
1.0182366,34.729168,33.041668,2025-10-22,
1.0182366,34.729168,33.041668,2025-10-23,
1.0182366,34.729168,33.041668,2025-10-24,
1.0182366,34.729168,33.041668,2025-10-25,
1.0182366,34.729168,33.041668,2025-10-26,
1.0182366,34.729168,33.041668,2025-10-27,
1.0182366,34.729168,33.041668,2025-10-28,
1.0182366,34.729168,33.041668,2025-10-29,
1.0182366,34.729168,33.041668,2025-10-30,
1.0182366,34.729168,33.041668,2025-10-31,
1.0182366,34.729168,33.041668,2025-11-01,
1.0182366,34.729168,33.041668,2025-11-02,
1.0182366,34.729168,33.041668,2025-11-03,
1.0182366,34.729168,33.041668,2025-11-04,
1.0182366,34.729168,33.041668,2025-11-05,
1.0182366,34.729168,33.041668,2025-11-06,
1.0182366,34.729168,33.041668,2025-11-07,
1.0182366,34.729168,33.041668,2025-11-08,
1.0182366,34.729168,33.041668,2025-11-09,
1.0182366,34.729168,33.041668,2025-11-10,
1.0182366,34.729168,33.041668,2025-11-11,
1.0182366,34.729168,33.041668,2025-11-12,
1.0182366,34.729168,33.041668,2025-11-13,
1.0182366,34.729168,33.041668,2025-11-14,
1.0182366,34.729168,33.041668,2025-11-15,
1.0182366,34.729168,33.041668,2025-11-16,
1.0182366,34.729168,33.041668,2025-11-17,
1.0182366,34.729168,33.041668,2025-11-18,
1.0182366,34.729168,33.041668,2025-11-19,
1.0182366,34.729168,33.041668,2025-11-20,
1.0182366,34.729168,33.083332,2025-10-21,
1.0182366,34.729168,33.083332,2025-10-22,
1.0182366,34.729168,33.083332,2025-10-23,
1.0182366,34.729168,33.083332,2025-10-24,
1.0182366,34.729168,33.083332,2025-10-25,
1.0182366,34.729168,33.083332,2025-10-26,
1.0182366,34.729168,33.083332,2025-10-27,
1.0182366,34.729168,33.083332,2025-10-28,
1.0182366,34.729168,33.083332,2025-10-29,
1.0182366,34.729168,33.083332,2025-10-30,
1.0182366,34.729168,33.083332,2025-10-31,
1.0182366,34.729168,33.083332,2025-11-01,
1.0182366,34.729168,33.083332,2025-11-02,
1.0182366,34.729168,33.083332,2025-11-03,
1.0182366,34.729168,33.083332,2025-11-04,
1.0182366,34.729168,33.083332,2025-11-05,
1.0182366,34.729168,33.083332,2025-11-06,
1.0182366,34.729168,33.083332,2025-11-07,
1.0182366,34.729168,33.083332,2025-11-08,
1.0182366,34.729168,33.083332,2025-11-09,
1.0182366,34.729168,33.083332,2025-11-10,
1.0182366,34.729168,33.083332,2025-11-11,
1.0182366,34.729168,33.083332,2025-11-12,
1.0182366,34.729168,33.083332,2025-11-13,
1.0182366,34.729168,33.083332,2025-11-14,
1.0182366,34.729168,33.083332,2025-11-15,
1.0182366,34.729168,33.083332,2025-11-16,
1.0182366,34.729168,33.083332,2025-11-17,
1.0182366,34.729168,33.083332,2025-11-18,
1.0182366,34.729168,33.083332,2025-11-19,
1.0182366,34.729168,33.083332,2025-11-20,
1.0182366,34.729168,33.125,2025-10-21,
1.0182366,34.729168,33.125,2025-10-22,
1.0182366,34.729168,33.125,2025-10-23,
1.0182366,34.729168,33.125,2025-10-24,
1.0182366,34.729168,33.125,2025-10-25,
1.0182366,34.729168,33.125,2025-10-26,
1.0182366,34.729168,33.125,2025-10-27,
1.0182366,34.729168,33.125,2025-10-28,
1.0182366,34.729168,33.125,2025-10-29,
1.0182366,34.729168,33.125,2025-10-30,
1.0182366,34.729168,33.125,2025-10-31,
1.0182366,34.729168,33.125,2025-11-01,
1.0182366,34.729168,33.125,2025-11-02,
1.0182366,34.729168,33.125,2025-11-03,
1.0182366,34.729168,33.125,2025-11-04,
1.0182366,34.729168,33.125,2025-11-05,
1.0182366,34.729168,33.125,2025-11-06,
1.0182366,34.729168,33.125,2025-11-07,
1.0182366,34.729168,33.125,2025-11-08,
1.0182366,34.729168,33.125,2025-11-09,
1.0182366,34.729168,33.125,2025-11-10,
1.0182366,34.729168,33.125,2025-11-11,
1.0182366,34.729168,33.125,2025-11-12,
1.0182366,34.729168,33.125,2025-11-13,
1.0182366,34.729168,33.125,2025-11-14,
1.0182366,34.729168,33.125,2025-11-15,
1.0182366,34.729168,33.125,2025-11-16,
1.0182366,34.729168,33.125,2025-11-17,
1.0182366,34.729168,33.125,2025-11-18,
1.0182366,34.729168,33.125,2025-11-19,
1.0182366,34.729168,33.125,2025-11-20,
1.0182366,34.729168,33.166668,2025-10-21,
1.0182366,34.729168,33.166668,2025-10-22,
1.0182366,34.729168,33.166668,2025-10-23,
1.0182366,34.729168,33.166668,2025-10-24,
1.0182366,34.729168,33.166668,2025-10-25,
1.0182366,34.729168,33.166668,2025-10-26,
1.0182366,34.729168,33.166668,2025-10-27,
1.0182366,34.729168,33.166668,2025-10-28,
1.0182366,34.729168,33.166668,2025-10-29,
1.0182366,34.729168,33.166668,2025-10-30,
1.0182366,34.729168,33.166668,2025-10-31,
1.0182366,34.729168,33.166668,2025-11-01,
1.0182366,34.729168,33.166668,2025-11-02,
1.0182366,34.729168,33.166668,2025-11-03,
1.0182366,34.729168,33.166668,2025-11-04,
1.0182366,34.729168,33.166668,2025-11-05,
1.0182366,34.729168,33.166668,2025-11-06,
1.0182366,34.729168,33.166668,2025-11-07,
1.0182366,34.729168,33.166668,2025-11-08,
1.0182366,34.729168,33.166668,2025-11-09,
1.0182366,34.729168,33.166668,2025-11-10,
1.0182366,34.729168,33.166668,2025-11-11,
1.0182366,34.729168,33.166668,2025-11-12,
1.0182366,34.729168,33.166668,2025-11-13,
1.0182366,34.729168,33.166668,2025-11-14,
1.0182366,34.729168,33.166668,2025-11-15,
1.0182366,34.729168,33.166668,2025-11-16,
1.0182366,34.729168,33.166668,2025-11-17,
1.0182366,34.729168,33.166668,2025-11-18,
1.0182366,34.729168,33.166668,2025-11-19,
1.0182366,34.729168,33.166668,2025-11-20,
1.0182366,34.770832,33.0,2025-10-21,
1.0182366,34.770832,33.0,2025-10-22,
1.0182366,34.770832,33.0,2025-10-23,
1.0182366,34.770832,33.0,2025-10-24,
1.0182366,34.770832,33.0,2025-10-25,
1.0182366,34.770832,33.0,2025-10-26,
1.0182366,34.770832,33.0,2025-10-27,
1.0182366,34.770832,33.0,2025-10-28,
1.0182366,34.770832,33.0,2025-10-29,
1.0182366,34.770832,33.0,2025-10-30,
1.0182366,34.770832,33.0,2025-10-31,
1.0182366,34.770832,33.0,2025-11-01,
1.0182366,34.770832,33.0,2025-11-02,
1.0182366,34.770832,33.0,2025-11-03,
1.0182366,34.770832,33.0,2025-11-04,
1.0182366,34.770832,33.0,2025-11-05,
1.0182366,34.770832,33.0,2025-11-06,
1.0182366,34.770832,33.0,2025-11-07,
1.0182366,34.770832,33.0,2025-11-08,
1.0182366,34.770832,33.0,2025-11-09,
1.0182366,34.770832,33.0,2025-11-10,
1.0182366,34.770832,33.0,2025-11-11,
1.0182366,34.770832,33.0,2025-11-12,
1.0182366,34.770832,33.0,2025-11-13,
1.0182366,34.770832,33.0,2025-11-14,
1.0182366,34.770832,33.0,2025-11-15,
1.0182366,34.770832,33.0,2025-11-16,
1.0182366,34.770832,33.0,2025-11-17,
1.0182366,34.770832,33.0,2025-11-18,
1.0182366,34.770832,33.0,2025-11-19,
1.0182366,34.770832,33.0,2025-11-20,
1.0182366,34.770832,33.041668,2025-10-21,
1.0182366,34.770832,33.041668,2025-10-22,
1.0182366,34.770832,33.041668,2025-10-23,
1.0182366,34.770832,33.041668,2025-10-24,
1.0182366,34.770832,33.041668,2025-10-25,
1.0182366,34.770832,33.041668,2025-10-26,
1.0182366,34.770832,33.041668,2025-10-27,
1.0182366,34.770832,33.041668,2025-10-28,
1.0182366,34.770832,33.041668,2025-10-29,
1.0182366,34.770832,33.041668,2025-10-30,
1.0182366,34.770832,33.041668,2025-10-31,
1.0182366,34.770832,33.041668,2025-11-01,
1.0182366,34.770832,33.041668,2025-11-02,
1.0182366,34.770832,33.041668,2025-11-03,
1.0182366,34.770832,33.041668,2025-11-04,
1.0182366,34.770832,33.041668,2025-11-05,
1.0182366,34.770832,33.041668,2025-11-06,
1.0182366,34.770832,33.041668,2025-11-07,
1.0182366,34.770832,33.041668,2025-11-08,
1.0182366,34.770832,33.041668,2025-11-09,
1.0182366,34.770832,33.041668,2025-11-10,
1.0182366,34.770832,33.041668,2025-11-11,
1.0182366,34.770832,33.041668,2025-11-12,
1.0182366,34.770832,33.041668,2025-11-13,
1.0182366,34.770832,33.041668,2025-11-14,
1.0182366,34.770832,33.041668,2025-11-15,
1.0182366,34.770832,33.041668,2025-11-16,
1.0182366,34.770832,33.041668,2025-11-17,
1.0182366,34.770832,33.041668,2025-11-18,
1.0182366,34.770832,33.041668,2025-11-19,
1.0182366,34.770832,33.041668,2025-11-20,
1.0182366,34.770832,33.083332,2025-10-21,
1.0182366,34.770832,33.083332,2025-10-22,
1.0182366,34.770832,33.083332,2025-10-23,
1.0182366,34.770832,33.083332,2025-10-24,
1.0182366,34.770832,33.083332,2025-10-25,
1.0182366,34.770832,33.083332,2025-10-26,
1.0182366,34.770832,33.083332,2025-10-27,
1.0182366,34.770832,33.083332,2025-10-28,
1.0182366,34.770832,33.083332,2025-10-29,
1.0182366,34.770832,33.083332,2025-10-30,
1.0182366,34.770832,33.083332,2025-10-31,
1.0182366,34.770832,33.083332,2025-11-01,
1.0182366,34.770832,33.083332,2025-11-02,
1.0182366,34.770832,33.083332,2025-11-03,
1.0182366,34.770832,33.083332,2025-11-04,
1.0182366,34.770832,33.083332,2025-11-05,
1.0182366,34.770832,33.083332,2025-11-06,
1.0182366,34.770832,33.083332,2025-11-07,
1.0182366,34.770832,33.083332,2025-11-08,
1.0182366,34.770832,33.083332,2025-11-09,
1.0182366,34.770832,33.083332,2025-11-10,
1.0182366,34.770832,33.083332,2025-11-11,
1.0182366,34.770832,33.083332,2025-11-12,
1.0182366,34.770832,33.083332,2025-11-13,
1.0182366,34.770832,33.083332,2025-11-14,
1.0182366,34.770832,33.083332,2025-11-15,
1.0182366,34.770832,33.083332,2025-11-16,
1.0182366,34.770832,33.083332,2025-11-17,
1.0182366,34.770832,33.083332,2025-11-18,
1.0182366,34.770832,33.083332,2025-11-19,
1.0182366,34.770832,33.083332,2025-11-20,
1.0182366,34.770832,33.125,2025-10-21,
1.0182366,34.770832,33.125,2025-10-22,
1.0182366,34.770832,33.125,2025-10-23,
1.0182366,34.770832,33.125,2025-10-24,
1.0182366,34.770832,33.125,2025-10-25,
1.0182366,34.770832,33.125,2025-10-26,
1.0182366,34.770832,33.125,2025-10-27,
1.0182366,34.770832,33.125,2025-10-28,
1.0182366,34.770832,33.125,2025-10-29,
1.0182366,34.770832,33.125,2025-10-30,
1.0182366,34.770832,33.125,2025-10-31,
1.0182366,34.770832,33.125,2025-11-01,
1.0182366,34.770832,33.125,2025-11-02,
1.0182366,34.770832,33.125,2025-11-03,
1.0182366,34.770832,33.125,2025-11-04,
1.0182366,34.770832,33.125,2025-11-05,
1.0182366,34.770832,33.125,2025-11-06,
1.0182366,34.770832,33.125,2025-11-07,
1.0182366,34.770832,33.125,2025-11-08,
1.0182366,34.770832,33.125,2025-11-09,
1.0182366,34.770832,33.125,2025-11-10,
1.0182366,34.770832,33.125,2025-11-11,
1.0182366,34.770832,33.125,2025-11-12,
1.0182366,34.770832,33.125,2025-11-13,
1.0182366,34.770832,33.125,2025-11-14,
1.0182366,34.770832,33.125,2025-11-15,
1.0182366,34.770832,33.125,2025-11-16,
1.0182366,34.770832,33.125,2025-11-17,
1.0182366,34.770832,33.125,2025-11-18,
1.0182366,34.770832,33.125,2025-11-19,
1.0182366,34.770832,33.125,2025-11-20,
1.0182366,34.770832,33.166668,2025-10-21,
1.0182366,34.770832,33.166668,2025-10-22,
1.0182366,34.770832,33.166668,2025-10-23,
1.0182366,34.770832,33.166668,2025-10-24,
1.0182366,34.770832,33.166668,2025-10-25,
1.0182366,34.770832,33.166668,2025-10-26,
1.0182366,34.770832,33.166668,2025-10-27,
1.0182366,34.770832,33.166668,2025-10-28,
1.0182366,34.770832,33.166668,2025-10-29,
1.0182366,34.770832,33.166668,2025-10-30,
1.0182366,34.770832,33.166668,2025-10-31,
1.0182366,34.770832,33.166668,2025-11-01,
1.0182366,34.770832,33.166668,2025-11-02,
1.0182366,34.770832,33.166668,2025-11-03,
1.0182366,34.770832,33.166668,2025-11-04,
1.0182366,34.770832,33.166668,2025-11-05,
1.0182366,34.770832,33.166668,2025-11-06,
1.0182366,34.770832,33.166668,2025-11-07,
1.0182366,34.770832,33.166668,2025-11-08,
1.0182366,34.770832,33.166668,2025-11-09,
1.0182366,34.770832,33.166668,2025-11-10,
1.0182366,34.770832,33.166668,2025-11-11,
1.0182366,34.770832,33.166668,2025-11-12,
1.0182366,34.770832,33.166668,2025-11-13,
1.0182366,34.770832,33.166668,2025-11-14,
1.0182366,34.770832,33.166668,2025-11-15,
1.0182366,34.770832,33.166668,2025-11-16,
1.0182366,34.770832,33.166668,2025-11-17,
1.0182366,34.770832,33.166668,2025-11-18,
1.0182366,34.770832,33.166668,2025-11-19,
1.0182366,34.770832,33.166668,2025-11-20,
3.1657474,34.604168,33.0,2025-10-21,
3.1657474,34.604168,33.0,2025-10-22,
3.1657474,34.604168,33.0,2025-10-23,
3.1657474,34.604168,33.0,2025-10-24,
3.1657474,34.604168,33.0,2025-10-25,
3.1657474,34.604168,33.0,2025-10-26,
3.1657474,34.604168,33.0,2025-10-27,
3.1657474,34.604168,33.0,2025-10-28,
3.1657474,34.604168,33.0,2025-10-29,
3.1657474,34.604168,33.0,2025-10-30,
3.1657474,34.604168,33.0,2025-10-31,
3.1657474,34.604168,33.0,2025-11-01,
3.1657474,34.604168,33.0,2025-11-02,
3.1657474,34.604168,33.0,2025-11-03,
3.1657474,34.604168,33.0,2025-11-04,
3.1657474,34.604168,33.0,2025-11-05,
3.1657474,34.604168,33.0,2025-11-06,
3.1657474,34.604168,33.0,2025-11-07,
3.1657474,34.604168,33.0,2025-11-08,
3.1657474,34.604168,33.0,2025-11-09,
3.1657474,34.604168,33.0,2025-11-10,
3.1657474,34.604168,33.0,2025-11-11,
3.1657474,34.604168,33.0,2025-11-12,
3.1657474,34.604168,33.0,2025-11-13,
3.1657474,34.604168,33.0,2025-11-14,
3.1657474,34.604168,33.0,2025-11-15,
3.1657474,34.604168,33.0,2025-11-16,
3.1657474,34.604168,33.0,2025-11-17,
3.1657474,34.604168,33.0,2025-11-18,
3.1657474,34.604168,33.0,2025-11-19,
3.1657474,34.604168,33.0,2025-11-20,
3.1657474,34.604168,33.041668,2025-10-21,
3.1657474,34.604168,33.041668,2025-10-22,
3.1657474,34.604168,33.041668,2025-10-23,
3.1657474,34.604168,33.041668,2025-10-24,
3.1657474,34.604168,33.041668,2025-10-25,
3.1657474,34.604168,33.041668,2025-10-26,
3.1657474,34.604168,33.041668,2025-10-27,
3.1657474,34.604168,33.041668,2025-10-28,
3.1657474,34.604168,33.041668,2025-10-29,
3.1657474,34.604168,33.041668,2025-10-30,
3.1657474,34.604168,33.041668,2025-10-31,
3.1657474,34.604168,33.041668,2025-11-01,
3.1657474,34.604168,33.041668,2025-11-02,
3.1657474,34.604168,33.041668,2025-11-03,
3.1657474,34.604168,33.041668,2025-11-04,
3.1657474,34.604168,33.041668,2025-11-05,
3.1657474,34.604168,33.041668,2025-11-06,
3.1657474,34.604168,33.041668,2025-11-07,
3.1657474,34.604168,33.041668,2025-11-08,
3.1657474,34.604168,33.041668,2025-11-09,
3.1657474,34.604168,33.041668,2025-11-10,
3.1657474,34.604168,33.041668,2025-11-11,
3.1657474,34.604168,33.041668,2025-11-12,
3.1657474,34.604168,33.041668,2025-11-13,
3.1657474,34.604168,33.041668,2025-11-14,
3.1657474,34.604168,33.041668,2025-11-15,
3.1657474,34.604168,33.041668,2025-11-16,
3.1657474,34.604168,33.041668,2025-11-17,
3.1657474,34.604168,33.041668,2025-11-18,
3.1657474,34.604168,33.041668,2025-11-19,
3.1657474,34.604168,33.041668,2025-11-20,
3.1657474,34.604168,33.083332,2025-10-21,39.692295
3.1657474,34.604168,33.083332,2025-10-22,39.70018
3.1657474,34.604168,33.083332,2025-10-23,39.73387
3.1657474,34.604168,33.083332,2025-10-24,39.76058
3.1657474,34.604168,33.083332,2025-10-25,39.758987
3.1657474,34.604168,33.083332,2025-10-26,39.73655
3.1657474,34.604168,33.083332,2025-10-27,39.73012
3.1657474,34.604168,33.083332,2025-10-28,39.744957
3.1657474,34.604168,33.083332,2025-10-29,39.766853
3.1657474,34.604168,33.083332,2025-10-30,39.772438
3.1657474,34.604168,33.083332,2025-10-31,39.759476
3.1657474,34.604168,33.083332,2025-11-01,39.744617
3.1657474,34.604168,33.083332,2025-11-02,39.7332
3.1657474,34.604168,33.083332,2025-11-03,39.72639
3.1657474,34.604168,33.083332,2025-11-04,39.722294
3.1657474,34.604168,33.083332,2025-11-05,39.72483
3.1657474,34.604168,33.083332,2025-11-06,39.72304
3.1657474,34.604168,33.083332,2025-11-07,39.721676
3.1657474,34.604168,33.083332,2025-11-08,39.723537
3.1657474,34.604168,33.083332,2025-11-09,39.731995
3.1657474,34.604168,33.083332,2025-11-10,39.715134
3.1657474,34.604168,33.083332,2025-11-11,39.71399
3.1657474,34.604168,33.083332,2025-11-12,39.71052
3.1657474,34.604168,33.083332,2025-11-13,39.70322
3.1657474,34.604168,33.083332,2025-11-14,39.69862
3.1657474,34.604168,33.083332,2025-11-15,39.691105
3.1657474,34.604168,33.083332,2025-11-16,39.68475
3.1657474,34.604168,33.083332,2025-11-17,39.67959
3.1657474,34.604168,33.083332,2025-11-18,39.674374
3.1657474,34.604168,33.083332,2025-11-19,39.669086
3.1657474,34.604168,33.083332,2025-11-20,39.666622
3.1657474,34.604168,33.125,2025-10-21,39.7043
3.1657474,34.604168,33.125,2025-10-22,39.715473
3.1657474,34.604168,33.125,2025-10-23,39.752308
3.1657474,34.604168,33.125,2025-10-24,39.77025
3.1657474,34.604168,33.125,2025-10-25,39.770065
3.1657474,34.604168,33.125,2025-10-26,39.743004
3.1657474,34.604168,33.125,2025-10-27,39.7398
3.1657474,34.604168,33.125,2025-10-28,39.7651
3.1657474,34.604168,33.125,2025-10-29,39.77646
3.1657474,34.604168,33.125,2025-10-30,39.767765
3.1657474,34.604168,33.125,2025-10-31,39.740852
3.1657474,34.604168,33.125,2025-11-01,39.72316
3.1657474,34.604168,33.125,2025-11-02,39.714527
3.1657474,34.604168,33.125,2025-11-03,39.71131
3.1657474,34.604168,33.125,2025-11-04,39.712357
3.1657474,34.604168,33.125,2025-11-05,39.717705
3.1657474,34.604168,33.125,2025-11-06,39.71769
3.1657474,34.604168,33.125,2025-11-07,39.71863
3.1657474,34.604168,33.125,2025-11-08,39.72305
3.1657474,34.604168,33.125,2025-11-09,39.733253
3.1657474,34.604168,33.125,2025-11-10,39.71519
3.1657474,34.604168,33.125,2025-11-11,39.71074
3.1657474,34.604168,33.125,2025-11-12,39.70099
3.1657474,34.604168,33.125,2025-11-13,39.690163
3.1657474,34.604168,33.125,2025-11-14,39.683414
3.1657474,34.604168,33.125,2025-11-15,39.67375
3.1657474,34.604168,33.125,2025-11-16,39.669426
3.1657474,34.604168,33.125,2025-11-17,39.667305
3.1657474,34.604168,33.125,2025-11-18,39.66458
3.1657474,34.604168,33.125,2025-11-19,39.66518
3.1657474,34.604168,33.125,2025-11-20,39.66
3.1657474,34.604168,33.166668,2025-10-21,39.718044
3.1657474,34.604168,33.166668,2025-10-22,39.727844
3.1657474,34.604168,33.166668,2025-10-23,39.761204
3.1657474,34.604168,33.166668,2025-10-24,39.77649
3.1657474,34.604168,33.166668,2025-10-25,39.77793
3.1657474,34.604168,33.166668,2025-10-26,39.75448
3.1657474,34.604168,33.166668,2025-10-27,39.75433
3.1657474,34.604168,33.166668,2025-10-28,39.772263
3.1657474,34.604168,33.166668,2025-10-29,39.77428
3.1657474,34.604168,33.166668,2025-10-30,39.759525
3.1657474,34.604168,33.166668,2025-10-31,39.731434
3.1657474,34.604168,33.166668,2025-11-01,39.715878
3.1657474,34.604168,33.166668,2025-11-02,39.709858
3.1657474,34.604168,33.166668,2025-11-03,39.709564
3.1657474,34.604168,33.166668,2025-11-04,39.71128
3.1657474,34.604168,33.166668,2025-11-05,39.715622
3.1657474,34.604168,33.166668,2025-11-06,39.713432
3.1657474,34.604168,33.166668,2025-11-07,39.711987
3.1657474,34.604168,33.166668,2025-11-08,39.71843
3.1657474,34.604168,33.166668,2025-11-09,39.727417
3.1657474,34.604168,33.166668,2025-11-10,39.70672
3.1657474,34.604168,33.166668,2025-11-11,39.698143
3.1657474,34.604168,33.166668,2025-11-12,39.68331
3.1657474,34.604168,33.166668,2025-11-13,39.672226
3.1657474,34.604168,33.166668,2025-11-14,39.667194
3.1657474,34.604168,33.166668,2025-11-15,39.664886
3.1657474,34.604168,33.166668,2025-11-16,39.662117
3.1657474,34.604168,33.166668,2025-11-17,39.659435
3.1657474,34.604168,33.166668,2025-11-18,39.66214
3.1657474,34.604168,33.166668,2025-11-19,39.665676
3.1657474,34.604168,33.166668,2025-11-20,39.656662
3.1657474,34.645832,33.0,2025-10-21,
3.1657474,34.645832,33.0,2025-10-22,
3.1657474,34.645832,33.0,2025-10-23,
3.1657474,34.645832,33.0,2025-10-24,
3.1657474,34.645832,33.0,2025-10-25,
3.1657474,34.645832,33.0,2025-10-26,
3.1657474,34.645832,33.0,2025-10-27,
3.1657474,34.645832,33.0,2025-10-28,
3.1657474,34.645832,33.0,2025-10-29,
3.1657474,34.645832,33.0,2025-10-30,
3.1657474,34.645832,33.0,2025-10-31,
3.1657474,34.645832,33.0,2025-11-01,
3.1657474,34.645832,33.0,2025-11-02,
3.1657474,34.645832,33.0,2025-11-03,
3.1657474,34.645832,33.0,2025-11-04,
3.1657474,34.645832,33.0,2025-11-05,
3.1657474,34.645832,33.0,2025-11-06,
3.1657474,34.645832,33.0,2025-11-07,
3.1657474,34.645832,33.0,2025-11-08,
3.1657474,34.645832,33.0,2025-11-09,
3.1657474,34.645832,33.0,2025-11-10,
3.1657474,34.645832,33.0,2025-11-11,
3.1657474,34.645832,33.0,2025-11-12,
3.1657474,34.645832,33.0,2025-11-13,
3.1657474,34.645832,33.0,2025-11-14,
3.1657474,34.645832,33.0,2025-11-15,
3.1657474,34.645832,33.0,2025-11-16,
3.1657474,34.645832,33.0,2025-11-17,
3.1657474,34.645832,33.0,2025-11-18,
3.1657474,34.645832,33.0,2025-11-19,
3.1657474,34.645832,33.0,2025-11-20,
3.1657474,34.645832,33.041668,2025-10-21,
3.1657474,34.645832,33.041668,2025-10-22,
3.1657474,34.645832,33.041668,2025-10-23,
3.1657474,34.645832,33.041668,2025-10-24,
3.1657474,34.645832,33.041668,2025-10-25,
3.1657474,34.645832,33.041668,2025-10-26,
3.1657474,34.645832,33.041668,2025-10-27,
3.1657474,34.645832,33.041668,2025-10-28,
3.1657474,34.645832,33.041668,2025-10-29,
3.1657474,34.645832,33.041668,2025-10-30,
3.1657474,34.645832,33.041668,2025-10-31,
3.1657474,34.645832,33.041668,2025-11-01,
3.1657474,34.645832,33.041668,2025-11-02,
3.1657474,34.645832,33.041668,2025-11-03,
3.1657474,34.645832,33.041668,2025-11-04,
3.1657474,34.645832,33.041668,2025-11-05,
3.1657474,34.645832,33.041668,2025-11-06,
3.1657474,34.645832,33.041668,2025-11-07,
3.1657474,34.645832,33.041668,2025-11-08,
3.1657474,34.645832,33.041668,2025-11-09,
3.1657474,34.645832,33.041668,2025-11-10,
3.1657474,34.645832,33.041668,2025-11-11,
3.1657474,34.645832,33.041668,2025-11-12,
3.1657474,34.645832,33.041668,2025-11-13,
3.1657474,34.645832,33.041668,2025-11-14,
3.1657474,34.645832,33.041668,2025-11-15,
3.1657474,34.645832,33.041668,2025-11-16,
3.1657474,34.645832,33.041668,2025-11-17,
3.1657474,34.645832,33.041668,2025-11-18,
3.1657474,34.645832,33.041668,2025-11-19,
3.1657474,34.645832,33.041668,2025-11-20,
3.1657474,34.645832,33.083332,2025-10-21,39.69084
3.1657474,34.645832,33.083332,2025-10-22,39.69921
3.1657474,34.645832,33.083332,2025-10-23,39.733345
3.1657474,34.645832,33.083332,2025-10-24,39.756283
3.1657474,34.645832,33.083332,2025-10-25,39.75101
3.1657474,34.645832,33.083332,2025-10-26,39.733902
3.1657474,34.645832,33.083332,2025-10-27,39.729946
3.1657474,34.645832,33.083332,2025-10-28,39.741726
3.1657474,34.645832,33.083332,2025-10-29,39.764755
3.1657474,34.645832,33.083332,2025-10-30,39.77342
3.1657474,34.645832,33.083332,2025-10-31,39.766106
3.1657474,34.645832,33.083332,2025-11-01,39.75847
3.1657474,34.645832,33.083332,2025-11-02,39.74492
3.1657474,34.645832,33.083332,2025-11-03,39.73503
3.1657474,34.645832,33.083332,2025-11-04,39.72923
3.1657474,34.645832,33.083332,2025-11-05,39.73009
3.1657474,34.645832,33.083332,2025-11-06,39.724762
3.1657474,34.645832,33.083332,2025-11-07,39.723255
3.1657474,34.645832,33.083332,2025-11-08,39.72238
3.1657474,34.645832,33.083332,2025-11-09,39.722008
3.1657474,34.645832,33.083332,2025-11-10,39.710365
3.1657474,34.645832,33.083332,2025-11-11,39.712246
3.1657474,34.645832,33.083332,2025-11-12,39.710407
3.1657474,34.645832,33.083332,2025-11-13,39.704853
3.1657474,34.645832,33.083332,2025-11-14,39.701622
3.1657474,34.645832,33.083332,2025-11-15,39.69189
3.1657474,34.645832,33.083332,2025-11-16,39.686966
3.1657474,34.645832,33.083332,2025-11-17,39.683857
3.1657474,34.645832,33.083332,2025-11-18,39.68199
3.1657474,34.645832,33.083332,2025-11-19,39.678017
3.1657474,34.645832,33.083332,2025-11-20,39.673626
3.1657474,34.645832,33.125,2025-10-21,39.69946
3.1657474,34.645832,33.125,2025-10-22,39.71266
3.1657474,34.645832,33.125,2025-10-23,39.75096
3.1657474,34.645832,33.125,2025-10-24,39.764812
3.1657474,34.645832,33.125,2025-10-25,39.76024
3.1657474,34.645832,33.125,2025-10-26,39.740253
3.1657474,34.645832,33.125,2025-10-27,39.73782
3.1657474,34.645832,33.125,2025-10-28,39.761436
3.1657474,34.645832,33.125,2025-10-29,39.777443
3.1657474,34.645832,33.125,2025-10-30,39.76997
3.1657474,34.645832,33.125,2025-10-31,39.747135
3.1657474,34.645832,33.125,2025-11-01,39.73553
3.1657474,34.645832,33.125,2025-11-02,39.726532
3.1657474,34.645832,33.125,2025-11-03,39.720463
3.1657474,34.645832,33.125,2025-11-04,39.71933
3.1657474,34.645832,33.125,2025-11-05,39.722534
3.1657474,34.645832,33.125,2025-11-06,39.722084
3.1657474,34.645832,33.125,2025-11-07,39.72217
3.1657474,34.645832,33.125,2025-11-08,39.722584
3.1657474,34.645832,33.125,2025-11-09,39.724907
3.1657474,34.645832,33.125,2025-11-10,39.71418
3.1657474,34.645832,33.125,2025-11-11,39.71353
3.1657474,34.645832,33.125,2025-11-12,39.70824
3.1657474,34.645832,33.125,2025-11-13,39.700916
3.1657474,34.645832,33.125,2025-11-14,39.696064
3.1657474,34.645832,33.125,2025-11-15,39.688812
3.1657474,34.645832,33.125,2025-11-16,39.681965
3.1657474,34.645832,33.125,2025-11-17,39.67877
3.1657474,34.645832,33.125,2025-11-18,39.67581
3.1657474,34.645832,33.125,2025-11-19,39.672626
3.1657474,34.645832,33.125,2025-11-20,39.67129
3.1657474,34.645832,33.166668,2025-10-21,39.710938
3.1657474,34.645832,33.166668,2025-10-22,39.72782
3.1657474,34.645832,33.166668,2025-10-23,39.76126
3.1657474,34.645832,33.166668,2025-10-24,39.771374
3.1657474,34.645832,33.166668,2025-10-25,39.768063
3.1657474,34.645832,33.166668,2025-10-26,39.745636
3.1657474,34.645832,33.166668,2025-10-27,39.745975
3.1657474,34.645832,33.166668,2025-10-28,39.776787
3.1657474,34.645832,33.166668,2025-10-29,39.780727
3.1657474,34.645832,33.166668,2025-10-30,39.758358
3.1657474,34.645832,33.166668,2025-10-31,39.72839
3.1657474,34.645832,33.166668,2025-11-01,39.71615
3.1657474,34.645832,33.166668,2025-11-02,39.71025
3.1657474,34.645832,33.166668,2025-11-03,39.70908
3.1657474,34.645832,33.166668,2025-11-04,39.710625
3.1657474,34.645832,33.166668,2025-11-05,39.711296
3.1657474,34.645832,33.166668,2025-11-06,39.711384
3.1657474,34.645832,33.166668,2025-11-07,39.714188
3.1657474,34.645832,33.166668,2025-11-08,39.71884
3.1657474,34.645832,33.166668,2025-11-09,39.72402
3.1657474,34.645832,33.166668,2025-11-10,39.711624
3.1657474,34.645832,33.166668,2025-11-11,39.70783
3.1657474,34.645832,33.166668,2025-11-12,39.699966
3.1657474,34.645832,33.166668,2025-11-13,39.692204
3.1657474,34.645832,33.166668,2025-11-14,39.686806
3.1657474,34.645832,33.166668,2025-11-15,39.682808
3.1657474,34.645832,33.166668,2025-11-16,39.675026
3.1657474,34.645832,33.166668,2025-11-17,39.670673
3.1657474,34.645832,33.166668,2025-11-18,39.66904
3.1657474,34.645832,33.166668,2025-11-19,39.670345
3.1657474,34.645832,33.166668,2025-11-20,39.66975
3.1657474,34.6875,33.0,2025-10-21,
3.1657474,34.6875,33.0,2025-10-22,
3.1657474,34.6875,33.0,2025-10-23,
3.1657474,34.6875,33.0,2025-10-24,
3.1657474,34.6875,33.0,2025-10-25,
3.1657474,34.6875,33.0,2025-10-26,
3.1657474,34.6875,33.0,2025-10-27,
3.1657474,34.6875,33.0,2025-10-28,
3.1657474,34.6875,33.0,2025-10-29,
3.1657474,34.6875,33.0,2025-10-30,
3.1657474,34.6875,33.0,2025-10-31,
3.1657474,34.6875,33.0,2025-11-01,
3.1657474,34.6875,33.0,2025-11-02,
3.1657474,34.6875,33.0,2025-11-03,
3.1657474,34.6875,33.0,2025-11-04,
3.1657474,34.6875,33.0,2025-11-05,
3.1657474,34.6875,33.0,2025-11-06,
3.1657474,34.6875,33.0,2025-11-07,
3.1657474,34.6875,33.0,2025-11-08,
3.1657474,34.6875,33.0,2025-11-09,
3.1657474,34.6875,33.0,2025-11-10,
3.1657474,34.6875,33.0,2025-11-11,
3.1657474,34.6875,33.0,2025-11-12,
3.1657474,34.6875,33.0,2025-11-13,
3.1657474,34.6875,33.0,2025-11-14,
3.1657474,34.6875,33.0,2025-11-15,
3.1657474,34.6875,33.0,2025-11-16,
3.1657474,34.6875,33.0,2025-11-17,
3.1657474,34.6875,33.0,2025-11-18,
3.1657474,34.6875,33.0,2025-11-19,
3.1657474,34.6875,33.0,2025-11-20,
3.1657474,34.6875,33.041668,2025-10-21,
3.1657474,34.6875,33.041668,2025-10-22,
3.1657474,34.6875,33.041668,2025-10-23,
3.1657474,34.6875,33.041668,2025-10-24,
3.1657474,34.6875,33.041668,2025-10-25,
3.1657474,34.6875,33.041668,2025-10-26,
3.1657474,34.6875,33.041668,2025-10-27,
3.1657474,34.6875,33.041668,2025-10-28,
3.1657474,34.6875,33.041668,2025-10-29,
3.1657474,34.6875,33.041668,2025-10-30,
3.1657474,34.6875,33.041668,2025-10-31,
3.1657474,34.6875,33.041668,2025-11-01,
3.1657474,34.6875,33.041668,2025-11-02,
3.1657474,34.6875,33.041668,2025-11-03,
3.1657474,34.6875,33.041668,2025-11-04,
3.1657474,34.6875,33.041668,2025-11-05,
3.1657474,34.6875,33.041668,2025-11-06,
3.1657474,34.6875,33.041668,2025-11-07,
3.1657474,34.6875,33.041668,2025-11-08,
3.1657474,34.6875,33.041668,2025-11-09,
3.1657474,34.6875,33.041668,2025-11-10,
3.1657474,34.6875,33.041668,2025-11-11,
3.1657474,34.6875,33.041668,2025-11-12,
3.1657474,34.6875,33.041668,2025-11-13,
3.1657474,34.6875,33.041668,2025-11-14,
3.1657474,34.6875,33.041668,2025-11-15,
3.1657474,34.6875,33.041668,2025-11-16,
3.1657474,34.6875,33.041668,2025-11-17,
3.1657474,34.6875,33.041668,2025-11-18,
3.1657474,34.6875,33.041668,2025-11-19,
3.1657474,34.6875,33.041668,2025-11-20,
3.1657474,34.6875,33.083332,2025-10-21,
3.1657474,34.6875,33.083332,2025-10-22,
3.1657474,34.6875,33.083332,2025-10-23,
3.1657474,34.6875,33.083332,2025-10-24,
3.1657474,34.6875,33.083332,2025-10-25,
3.1657474,34.6875,33.083332,2025-10-26,
3.1657474,34.6875,33.083332,2025-10-27,
3.1657474,34.6875,33.083332,2025-10-28,
3.1657474,34.6875,33.083332,2025-10-29,
3.1657474,34.6875,33.083332,2025-10-30,
3.1657474,34.6875,33.083332,2025-10-31,
3.1657474,34.6875,33.083332,2025-11-01,
3.1657474,34.6875,33.083332,2025-11-02,
3.1657474,34.6875,33.083332,2025-11-03,
3.1657474,34.6875,33.083332,2025-11-04,
3.1657474,34.6875,33.083332,2025-11-05,
3.1657474,34.6875,33.083332,2025-11-06,
3.1657474,34.6875,33.083332,2025-11-07,
3.1657474,34.6875,33.083332,2025-11-08,
3.1657474,34.6875,33.083332,2025-11-09,
3.1657474,34.6875,33.083332,2025-11-10,
3.1657474,34.6875,33.083332,2025-11-11,
3.1657474,34.6875,33.083332,2025-11-12,
3.1657474,34.6875,33.083332,2025-11-13,
3.1657474,34.6875,33.083332,2025-11-14,
3.1657474,34.6875,33.083332,2025-11-15,
3.1657474,34.6875,33.083332,2025-11-16,
3.1657474,34.6875,33.083332,2025-11-17,
3.1657474,34.6875,33.083332,2025-11-18,
3.1657474,34.6875,33.083332,2025-11-19,
3.1657474,34.6875,33.083332,2025-11-20,
3.1657474,34.6875,33.125,2025-10-21,39.689556
3.1657474,34.6875,33.125,2025-10-22,39.700546
3.1657474,34.6875,33.125,2025-10-23,39.73951
3.1657474,34.6875,33.125,2025-10-24,39.758728
3.1657474,34.6875,33.125,2025-10-25,39.758434
3.1657474,34.6875,33.125,2025-10-26,39.74722
3.1657474,34.6875,33.125,2025-10-27,39.74019
3.1657474,34.6875,33.125,2025-10-28,39.75005
3.1657474,34.6875,33.125,2025-10-29,39.76905
3.1657474,34.6875,33.125,2025-10-30,39.7733
3.1657474,34.6875,33.125,2025-10-31,39.773018
3.1657474,34.6875,33.125,2025-11-01,39.77065
3.1657474,34.6875,33.125,2025-11-02,39.755836
3.1657474,34.6875,33.125,2025-11-03,39.744648
3.1657474,34.6875,33.125,2025-11-04,39.740154
3.1657474,34.6875,33.125,2025-11-05,39.740734
3.1657474,34.6875,33.125,2025-11-06,39.73531
3.1657474,34.6875,33.125,2025-11-07,39.73179
3.1657474,34.6875,33.125,2025-11-08,39.728615
3.1657474,34.6875,33.125,2025-11-09,39.726284
3.1657474,34.6875,33.125,2025-11-10,39.715412
3.1657474,34.6875,33.125,2025-11-11,39.71465
3.1657474,34.6875,33.125,2025-11-12,39.713043
3.1657474,34.6875,33.125,2025-11-13,39.709354
3.1657474,34.6875,33.125,2025-11-14,39.70616
3.1657474,34.6875,33.125,2025-11-15,39.70305
3.1657474,34.6875,33.125,2025-11-16,39.70038
3.1657474,34.6875,33.125,2025-11-17,39.695217
3.1657474,34.6875,33.125,2025-11-18,39.69189
3.1657474,34.6875,33.125,2025-11-19,39.68729
3.1657474,34.6875,33.125,2025-11-20,39.68159
3.1657474,34.6875,33.166668,2025-10-21,39.700058
3.1657474,34.6875,33.166668,2025-10-22,39.718563
3.1657474,34.6875,33.166668,2025-10-23,39.752037
3.1657474,34.6875,33.166668,2025-10-24,39.76284
3.1657474,34.6875,33.166668,2025-10-25,39.75973
3.1657474,34.6875,33.166668,2025-10-26,39.74549
3.1657474,34.6875,33.166668,2025-10-27,39.739895
3.1657474,34.6875,33.166668,2025-10-28,39.768047
3.1657474,34.6875,33.166668,2025-10-29,39.77735
3.1657474,34.6875,33.166668,2025-10-30,39.77208
3.1657474,34.6875,33.166668,2025-10-31,39.76047
3.1657474,34.6875,33.166668,2025-11-01,39.75635
3.1657474,34.6875,33.166668,2025-11-02,39.747906
3.1657474,34.6875,33.166668,2025-11-03,39.73536
3.1657474,34.6875,33.166668,2025-11-04,39.73028
3.1657474,34.6875,33.166668,2025-11-05,39.729694
3.1657474,34.6875,33.166668,2025-11-06,39.72592
3.1657474,34.6875,33.166668,2025-11-07,39.724125
3.1657474,34.6875,33.166668,2025-11-08,39.725258
3.1657474,34.6875,33.166668,2025-11-09,39.72501
3.1657474,34.6875,33.166668,2025-11-10,39.713825
3.1657474,34.6875,33.166668,2025-11-11,39.712914
3.1657474,34.6875,33.166668,2025-11-12,39.708324
3.1657474,34.6875,33.166668,2025-11-13,39.7033
3.1657474,34.6875,33.166668,2025-11-14,39.699177
3.1657474,34.6875,33.166668,2025-11-15,39.696228
3.1657474,34.6875,33.166668,2025-11-16,39.694443
3.1657474,34.6875,33.166668,2025-11-17,39.68914
3.1657474,34.6875,33.166668,2025-11-18,39.686134
3.1657474,34.6875,33.166668,2025-11-19,39.683907
3.1657474,34.6875,33.166668,2025-11-20,39.6795
3.1657474,34.729168,33.0,2025-10-21,
3.1657474,34.729168,33.0,2025-10-22,
3.1657474,34.729168,33.0,2025-10-23,
3.1657474,34.729168,33.0,2025-10-24,
3.1657474,34.729168,33.0,2025-10-25,
3.1657474,34.729168,33.0,2025-10-26,
3.1657474,34.729168,33.0,2025-10-27,
3.1657474,34.729168,33.0,2025-10-28,
3.1657474,34.729168,33.0,2025-10-29,
3.1657474,34.729168,33.0,2025-10-30,
3.1657474,34.729168,33.0,2025-10-31,
3.1657474,34.729168,33.0,2025-11-01,
3.1657474,34.729168,33.0,2025-11-02,
3.1657474,34.729168,33.0,2025-11-03,
3.1657474,34.729168,33.0,2025-11-04,
3.1657474,34.729168,33.0,2025-11-05,
3.1657474,34.729168,33.0,2025-11-06,
3.1657474,34.729168,33.0,2025-11-07,
3.1657474,34.729168,33.0,2025-11-08,
3.1657474,34.729168,33.0,2025-11-09,
3.1657474,34.729168,33.0,2025-11-10,
3.1657474,34.729168,33.0,2025-11-11,
3.1657474,34.729168,33.0,2025-11-12,
3.1657474,34.729168,33.0,2025-11-13,
3.1657474,34.729168,33.0,2025-11-14,
3.1657474,34.729168,33.0,2025-11-15,
3.1657474,34.729168,33.0,2025-11-16,
3.1657474,34.729168,33.0,2025-11-17,
3.1657474,34.729168,33.0,2025-11-18,
3.1657474,34.729168,33.0,2025-11-19,
3.1657474,34.729168,33.0,2025-11-20,
3.1657474,34.729168,33.041668,2025-10-21,
3.1657474,34.729168,33.041668,2025-10-22,
3.1657474,34.729168,33.041668,2025-10-23,
3.1657474,34.729168,33.041668,2025-10-24,
3.1657474,34.729168,33.041668,2025-10-25,
3.1657474,34.729168,33.041668,2025-10-26,
3.1657474,34.729168,33.041668,2025-10-27,
3.1657474,34.729168,33.041668,2025-10-28,
3.1657474,34.729168,33.041668,2025-10-29,
3.1657474,34.729168,33.041668,2025-10-30,
3.1657474,34.729168,33.041668,2025-10-31,
3.1657474,34.729168,33.041668,2025-11-01,
3.1657474,34.729168,33.041668,2025-11-02,
3.1657474,34.729168,33.041668,2025-11-03,
3.1657474,34.729168,33.041668,2025-11-04,
3.1657474,34.729168,33.041668,2025-11-05,
3.1657474,34.729168,33.041668,2025-11-06,
3.1657474,34.729168,33.041668,2025-11-07,
3.1657474,34.729168,33.041668,2025-11-08,
3.1657474,34.729168,33.041668,2025-11-09,
3.1657474,34.729168,33.041668,2025-11-10,
3.1657474,34.729168,33.041668,2025-11-11,
3.1657474,34.729168,33.041668,2025-11-12,
3.1657474,34.729168,33.041668,2025-11-13,
3.1657474,34.729168,33.041668,2025-11-14,
3.1657474,34.729168,33.041668,2025-11-15,
3.1657474,34.729168,33.041668,2025-11-16,
3.1657474,34.729168,33.041668,2025-11-17,
3.1657474,34.729168,33.041668,2025-11-18,
3.1657474,34.729168,33.041668,2025-11-19,
3.1657474,34.729168,33.041668,2025-11-20,
3.1657474,34.729168,33.083332,2025-10-21,
3.1657474,34.729168,33.083332,2025-10-22,
3.1657474,34.729168,33.083332,2025-10-23,
3.1657474,34.729168,33.083332,2025-10-24,
3.1657474,34.729168,33.083332,2025-10-25,
3.1657474,34.729168,33.083332,2025-10-26,
3.1657474,34.729168,33.083332,2025-10-27,
3.1657474,34.729168,33.083332,2025-10-28,
3.1657474,34.729168,33.083332,2025-10-29,
3.1657474,34.729168,33.083332,2025-10-30,
3.1657474,34.729168,33.083332,2025-10-31,
3.1657474,34.729168,33.083332,2025-11-01,
3.1657474,34.729168,33.083332,2025-11-02,
3.1657474,34.729168,33.083332,2025-11-03,
3.1657474,34.729168,33.083332,2025-11-04,
3.1657474,34.729168,33.083332,2025-11-05,
3.1657474,34.729168,33.083332,2025-11-06,
3.1657474,34.729168,33.083332,2025-11-07,
3.1657474,34.729168,33.083332,2025-11-08,
3.1657474,34.729168,33.083332,2025-11-09,
3.1657474,34.729168,33.083332,2025-11-10,
3.1657474,34.729168,33.083332,2025-11-11,
3.1657474,34.729168,33.083332,2025-11-12,
3.1657474,34.729168,33.083332,2025-11-13,
3.1657474,34.729168,33.083332,2025-11-14,
3.1657474,34.729168,33.083332,2025-11-15,
3.1657474,34.729168,33.083332,2025-11-16,
3.1657474,34.729168,33.083332,2025-11-17,
3.1657474,34.729168,33.083332,2025-11-18,
3.1657474,34.729168,33.083332,2025-11-19,
3.1657474,34.729168,33.083332,2025-11-20,
3.1657474,34.729168,33.125,2025-10-21,
3.1657474,34.729168,33.125,2025-10-22,
3.1657474,34.729168,33.125,2025-10-23,
3.1657474,34.729168,33.125,2025-10-24,
3.1657474,34.729168,33.125,2025-10-25,
3.1657474,34.729168,33.125,2025-10-26,
3.1657474,34.729168,33.125,2025-10-27,
3.1657474,34.729168,33.125,2025-10-28,
3.1657474,34.729168,33.125,2025-10-29,
3.1657474,34.729168,33.125,2025-10-30,
3.1657474,34.729168,33.125,2025-10-31,
3.1657474,34.729168,33.125,2025-11-01,
3.1657474,34.729168,33.125,2025-11-02,
3.1657474,34.729168,33.125,2025-11-03,
3.1657474,34.729168,33.125,2025-11-04,
3.1657474,34.729168,33.125,2025-11-05,
3.1657474,34.729168,33.125,2025-11-06,
3.1657474,34.729168,33.125,2025-11-07,
3.1657474,34.729168,33.125,2025-11-08,
3.1657474,34.729168,33.125,2025-11-09,
3.1657474,34.729168,33.125,2025-11-10,
3.1657474,34.729168,33.125,2025-11-11,
3.1657474,34.729168,33.125,2025-11-12,
3.1657474,34.729168,33.125,2025-11-13,
3.1657474,34.729168,33.125,2025-11-14,
3.1657474,34.729168,33.125,2025-11-15,
3.1657474,34.729168,33.125,2025-11-16,
3.1657474,34.729168,33.125,2025-11-17,
3.1657474,34.729168,33.125,2025-11-18,
3.1657474,34.729168,33.125,2025-11-19,
3.1657474,34.729168,33.125,2025-11-20,
3.1657474,34.729168,33.166668,2025-10-21,
3.1657474,34.729168,33.166668,2025-10-22,
3.1657474,34.729168,33.166668,2025-10-23,
3.1657474,34.729168,33.166668,2025-10-24,
3.1657474,34.729168,33.166668,2025-10-25,
3.1657474,34.729168,33.166668,2025-10-26,
3.1657474,34.729168,33.166668,2025-10-27,
3.1657474,34.729168,33.166668,2025-10-28,
3.1657474,34.729168,33.166668,2025-10-29,
3.1657474,34.729168,33.166668,2025-10-30,
3.1657474,34.729168,33.166668,2025-10-31,
3.1657474,34.729168,33.166668,2025-11-01,
3.1657474,34.729168,33.166668,2025-11-02,
3.1657474,34.729168,33.166668,2025-11-03,
3.1657474,34.729168,33.166668,2025-11-04,
3.1657474,34.729168,33.166668,2025-11-05,
3.1657474,34.729168,33.166668,2025-11-06,
3.1657474,34.729168,33.166668,2025-11-07,
3.1657474,34.729168,33.166668,2025-11-08,
3.1657474,34.729168,33.166668,2025-11-09,
3.1657474,34.729168,33.166668,2025-11-10,
3.1657474,34.729168,33.166668,2025-11-11,
3.1657474,34.729168,33.166668,2025-11-12,
3.1657474,34.729168,33.166668,2025-11-13,
3.1657474,34.729168,33.166668,2025-11-14,
3.1657474,34.729168,33.166668,2025-11-15,
3.1657474,34.729168,33.166668,2025-11-16,
3.1657474,34.729168,33.166668,2025-11-17,
3.1657474,34.729168,33.166668,2025-11-18,
3.1657474,34.729168,33.166668,2025-11-19,
3.1657474,34.729168,33.166668,2025-11-20,
3.1657474,34.770832,33.0,2025-10-21,
3.1657474,34.770832,33.0,2025-10-22,
3.1657474,34.770832,33.0,2025-10-23,
3.1657474,34.770832,33.0,2025-10-24,
3.1657474,34.770832,33.0,2025-10-25,
3.1657474,34.770832,33.0,2025-10-26,
3.1657474,34.770832,33.0,2025-10-27,
3.1657474,34.770832,33.0,2025-10-28,
3.1657474,34.770832,33.0,2025-10-29,
3.1657474,34.770832,33.0,2025-10-30,
3.1657474,34.770832,33.0,2025-10-31,
3.1657474,34.770832,33.0,2025-11-01,
3.1657474,34.770832,33.0,2025-11-02,
3.1657474,34.770832,33.0,2025-11-03,
3.1657474,34.770832,33.0,2025-11-04,
3.1657474,34.770832,33.0,2025-11-05,
3.1657474,34.770832,33.0,2025-11-06,
3.1657474,34.770832,33.0,2025-11-07,
3.1657474,34.770832,33.0,2025-11-08,
3.1657474,34.770832,33.0,2025-11-09,
3.1657474,34.770832,33.0,2025-11-10,
3.1657474,34.770832,33.0,2025-11-11,
3.1657474,34.770832,33.0,2025-11-12,
3.1657474,34.770832,33.0,2025-11-13,
3.1657474,34.770832,33.0,2025-11-14,
3.1657474,34.770832,33.0,2025-11-15,
3.1657474,34.770832,33.0,2025-11-16,
3.1657474,34.770832,33.0,2025-11-17,
3.1657474,34.770832,33.0,2025-11-18,
3.1657474,34.770832,33.0,2025-11-19,
3.1657474,34.770832,33.0,2025-11-20,
3.1657474,34.770832,33.041668,2025-10-21,
3.1657474,34.770832,33.041668,2025-10-22,
3.1657474,34.770832,33.041668,2025-10-23,
3.1657474,34.770832,33.041668,2025-10-24,
3.1657474,34.770832,33.041668,2025-10-25,
3.1657474,34.770832,33.041668,2025-10-26,
3.1657474,34.770832,33.041668,2025-10-27,
3.1657474,34.770832,33.041668,2025-10-28,
3.1657474,34.770832,33.041668,2025-10-29,
3.1657474,34.770832,33.041668,2025-10-30,
3.1657474,34.770832,33.041668,2025-10-31,
3.1657474,34.770832,33.041668,2025-11-01,
3.1657474,34.770832,33.041668,2025-11-02,
3.1657474,34.770832,33.041668,2025-11-03,
3.1657474,34.770832,33.041668,2025-11-04,
3.1657474,34.770832,33.041668,2025-11-05,
3.1657474,34.770832,33.041668,2025-11-06,
3.1657474,34.770832,33.041668,2025-11-07,
3.1657474,34.770832,33.041668,2025-11-08,
3.1657474,34.770832,33.041668,2025-11-09,
3.1657474,34.770832,33.041668,2025-11-10,
3.1657474,34.770832,33.041668,2025-11-11,
3.1657474,34.770832,33.041668,2025-11-12,
3.1657474,34.770832,33.041668,2025-11-13,
3.1657474,34.770832,33.041668,2025-11-14,
3.1657474,34.770832,33.041668,2025-11-15,
3.1657474,34.770832,33.041668,2025-11-16,
3.1657474,34.770832,33.041668,2025-11-17,
3.1657474,34.770832,33.041668,2025-11-18,
3.1657474,34.770832,33.041668,2025-11-19,
3.1657474,34.770832,33.041668,2025-11-20,
3.1657474,34.770832,33.083332,2025-10-21,
3.1657474,34.770832,33.083332,2025-10-22,
3.1657474,34.770832,33.083332,2025-10-23,
3.1657474,34.770832,33.083332,2025-10-24,
3.1657474,34.770832,33.083332,2025-10-25,
3.1657474,34.770832,33.083332,2025-10-26,
3.1657474,34.770832,33.083332,2025-10-27,
3.1657474,34.770832,33.083332,2025-10-28,
3.1657474,34.770832,33.083332,2025-10-29,
3.1657474,34.770832,33.083332,2025-10-30,
3.1657474,34.770832,33.083332,2025-10-31,
3.1657474,34.770832,33.083332,2025-11-01,
3.1657474,34.770832,33.083332,2025-11-02,
3.1657474,34.770832,33.083332,2025-11-03,
3.1657474,34.770832,33.083332,2025-11-04,
3.1657474,34.770832,33.083332,2025-11-05,
3.1657474,34.770832,33.083332,2025-11-06,
3.1657474,34.770832,33.083332,2025-11-07,
3.1657474,34.770832,33.083332,2025-11-08,
3.1657474,34.770832,33.083332,2025-11-09,
3.1657474,34.770832,33.083332,2025-11-10,
3.1657474,34.770832,33.083332,2025-11-11,
3.1657474,34.770832,33.083332,2025-11-12,
3.1657474,34.770832,33.083332,2025-11-13,
3.1657474,34.770832,33.083332,2025-11-14,
3.1657474,34.770832,33.083332,2025-11-15,
3.1657474,34.770832,33.083332,2025-11-16,
3.1657474,34.770832,33.083332,2025-11-17,
3.1657474,34.770832,33.083332,2025-11-18,
3.1657474,34.770832,33.083332,2025-11-19,
3.1657474,34.770832,33.083332,2025-11-20,
3.1657474,34.770832,33.125,2025-10-21,
3.1657474,34.770832,33.125,2025-10-22,
3.1657474,34.770832,33.125,2025-10-23,
3.1657474,34.770832,33.125,2025-10-24,
3.1657474,34.770832,33.125,2025-10-25,
3.1657474,34.770832,33.125,2025-10-26,
3.1657474,34.770832,33.125,2025-10-27,
3.1657474,34.770832,33.125,2025-10-28,
3.1657474,34.770832,33.125,2025-10-29,
3.1657474,34.770832,33.125,2025-10-30,
3.1657474,34.770832,33.125,2025-10-31,
3.1657474,34.770832,33.125,2025-11-01,
3.1657474,34.770832,33.125,2025-11-02,
3.1657474,34.770832,33.125,2025-11-03,
3.1657474,34.770832,33.125,2025-11-04,
3.1657474,34.770832,33.125,2025-11-05,
3.1657474,34.770832,33.125,2025-11-06,
3.1657474,34.770832,33.125,2025-11-07,
3.1657474,34.770832,33.125,2025-11-08,
3.1657474,34.770832,33.125,2025-11-09,
3.1657474,34.770832,33.125,2025-11-10,
3.1657474,34.770832,33.125,2025-11-11,
3.1657474,34.770832,33.125,2025-11-12,
3.1657474,34.770832,33.125,2025-11-13,
3.1657474,34.770832,33.125,2025-11-14,
3.1657474,34.770832,33.125,2025-11-15,
3.1657474,34.770832,33.125,2025-11-16,
3.1657474,34.770832,33.125,2025-11-17,
3.1657474,34.770832,33.125,2025-11-18,
3.1657474,34.770832,33.125,2025-11-19,
3.1657474,34.770832,33.125,2025-11-20,
3.1657474,34.770832,33.166668,2025-10-21,
3.1657474,34.770832,33.166668,2025-10-22,
3.1657474,34.770832,33.166668,2025-10-23,
3.1657474,34.770832,33.166668,2025-10-24,
3.1657474,34.770832,33.166668,2025-10-25,
3.1657474,34.770832,33.166668,2025-10-26,
3.1657474,34.770832,33.166668,2025-10-27,
3.1657474,34.770832,33.166668,2025-10-28,
3.1657474,34.770832,33.166668,2025-10-29,
3.1657474,34.770832,33.166668,2025-10-30,
3.1657474,34.770832,33.166668,2025-10-31,
3.1657474,34.770832,33.166668,2025-11-01,
3.1657474,34.770832,33.166668,2025-11-02,
3.1657474,34.770832,33.166668,2025-11-03,
3.1657474,34.770832,33.166668,2025-11-04,
3.1657474,34.770832,33.166668,2025-11-05,
3.1657474,34.770832,33.166668,2025-11-06,
3.1657474,34.770832,33.166668,2025-11-07,
3.1657474,34.770832,33.166668,2025-11-08,
3.1657474,34.770832,33.166668,2025-11-09,
3.1657474,34.770832,33.166668,2025-11-10,
3.1657474,34.770832,33.166668,2025-11-11,
3.1657474,34.770832,33.166668,2025-11-12,
3.1657474,34.770832,33.166668,2025-11-13,
3.1657474,34.770832,33.166668,2025-11-14,
3.1657474,34.770832,33.166668,2025-11-15,
3.1657474,34.770832,33.166668,2025-11-16,
3.1657474,34.770832,33.166668,2025-11-17,
3.1657474,34.770832,33.166668,2025-11-18,
3.1657474,34.770832,33.166668,2025-11-19,
3.1657474,34.770832,33.166668,2025-11-20,
